chrom	length	bases	mean	min	max
scaffold_1	345098	105306	0.31	0	754
scaffold_1_region	98605	91326	0.93	0	754
scaffold_2	312558	114025	0.36	0	814
scaffold_2_region	137722	82489	0.60	0	684
scaffold_3	287976	164456	0.57	0	909
scaffold_3_region	119187	153862	1.29	0	909
scaffold_4	280066	118714	0.42	0	934
scaffold_4_region	130400	97318	0.75	0	934
scaffold_5	279783	103244	0.37	0	934
scaffold_5_region	138906	102538	0.74	0	934
scaffold_6	268249	78768	0.29	0	694
scaffold_6_region	98467	38947	0.40	0	694
scaffold_7	267059	26221	0.10	0	584
scaffold_7_region	98739	12907	0.13	0	566
scaffold_8	266172	131170	0.49	0	982
scaffold_8_region	147469	124988	0.85	0	982
scaffold_9	265035	43417	0.16	0	700
scaffold_9_region	78016	18536	0.24	0	700
scaffold_10	264164	61192	0.23	0	788
scaffold_10_region	117096	56432	0.48	0	788
scaffold_11	261329	97787	0.37	0	734
scaffold_11_region	96202	67448	0.70	0	734
scaffold_12	261008	382978	1.47	0	716
scaffold_12_region	89003	16740	0.19	0	716
scaffold_13	260741	130364	0.50	0	718
scaffold_13_region	126771	98840	0.78	0	718
scaffold_14	257940	100368	0.39	0	1206
scaffold_14_region	91628	76647	0.84	0	1206
scaffold_15	251256	121966	0.49	0	714
scaffold_15_region	141485	100055	0.71	0	714
scaffold_16	251232	74511	0.30	0	770
scaffold_16_region	101470	38926	0.38	0	770
scaffold_17	250631	59182	0.24	0	700
scaffold_17_region	144294	51277	0.36	0	700
scaffold_18	246065	41561	0.17	0	684
scaffold_18_region	53143	11992	0.23	0	588
scaffold_19	245994	68560	0.28	0	728
scaffold_19_region	101795	43426	0.43	0	728
scaffold_20	244099	89370	0.37	0	692
scaffold_20_region	110985	70431	0.63	0	678
scaffold_21	236026	26524	0.11	0	668
scaffold_21_region	90960	2160	0.02	0	42
scaffold_22	235239	51144	0.22	0	770
scaffold_22_region	108283	24829	0.23	0	654
scaffold_23	232614	81148	0.35	0	744
scaffold_23_region	125676	62686	0.50	0	744
scaffold_24	231500	54355	0.23	0	694
scaffold_24_region	62198	27032	0.43	0	598
scaffold_25	231036	76302	0.33	0	702
scaffold_25_region	111659	54064	0.48	0	702
scaffold_26	230790	25438	0.11	0	654
scaffold_26_region	99488	23652	0.24	0	654
scaffold_27	229760	51651	0.22	0	650
scaffold_27_region	100584	49316	0.49	0	650
scaffold_28	227861	86051	0.38	0	652
scaffold_28_region	76168	82460	1.08	0	652
scaffold_29	226334	21407	0.09	0	466
scaffold_29_region	92574	36092	0.39	0	466
scaffold_30	224926	16181	0.07	0	682
scaffold_30_region	86294	14710	0.17	0	682
scaffold_31	218345	106623	0.49	0	1222
scaffold_31_region	106413	127300	1.20	0	1222
scaffold_32	218243	35608	0.16	0	616
scaffold_32_region	61632	28222	0.46	0	616
scaffold_33	214922	75993	0.35	0	756
scaffold_33_region	99256	53893	0.54	0	676
scaffold_34	214711	134460	0.63	0	1284
scaffold_34_region	102640	96615	0.94	0	798
scaffold_35	205623	87373	0.42	0	1343
scaffold_35_region	79283	57312	0.72	0	1343
scaffold_36	205583	57349	0.28	0	588
scaffold_36_region	79533	50550	0.64	0	588
scaffold_37	204377	115658	0.57	0	946
scaffold_37_region	58774	108093	1.84	0	946
scaffold_38	204214	20592	0.10	0	542
scaffold_38_region	72173	2226	0.03	0	6
scaffold_39	203631	41438	0.20	0	662
scaffold_39_region	93939	41190	0.44	0	662
scaffold_40	203613	69820	0.34	0	678
scaffold_40_region	62689	25723	0.41	0	678
scaffold_41	202278	21972	0.11	0	592
scaffold_41_region	99053	21329	0.22	0	592
scaffold_42	202103	102600	0.51	0	754
scaffold_42_region	106080	86754	0.82	0	716
scaffold_43	201235	92341	0.46	0	716
scaffold_43_region	43924	70042	1.59	0	590
scaffold_44	199526	126084	0.63	0	719
scaffold_44_region	89604	108902	1.22	0	719
scaffold_45	198920	50804	0.26	0	644
scaffold_45_region	74382	37849	0.51	0	644
scaffold_46	197580	50345	0.25	0	658
scaffold_46_region	51285	39132	0.76	0	658
scaffold_47	197527	52301	0.26	0	624
scaffold_47_region	101772	47937	0.47	0	624
scaffold_48	196824	85210	0.43	0	696
scaffold_48_region	55174	66842	1.21	0	696
scaffold_49	196271	26936	0.14	0	606
scaffold_49_region	58848	23883	0.41	0	606
scaffold_50	196094	57697	0.29	0	658
scaffold_50_region	82342	35976	0.44	0	658
scaffold_51	195978	124006	0.63	0	1274
scaffold_51_region	94818	99840	1.05	0	1274
scaffold_52	195875	49472	0.25	0	690
scaffold_52_region	89054	55795	0.63	0	690
scaffold_53	195720	100623	0.51	0	788
scaffold_53_region	87265	36714	0.42	0	672
scaffold_54	195626	26957	0.14	0	630
scaffold_54_region	48256	12921	0.27	0	630
scaffold_55	195568	58274	0.30	0	692
scaffold_55_region	112989	57770	0.51	0	692
scaffold_56	195544	47598	0.24	0	578
scaffold_56_region	65450	35956	0.55	0	578
scaffold_57	195528	97675	0.50	0	758
scaffold_57_region	74768	78752	1.05	0	758
scaffold_58	195199	94378	0.48	0	728
scaffold_58_region	51350	77052	1.50	0	650
scaffold_59	194855	25326	0.13	0	606
scaffold_59_region	69366	13294	0.19	0	606
scaffold_60	194042	21831	0.11	0	504
scaffold_60_region	22591	6316	0.28	0	258
scaffold_61	193232	4834	0.03	0	38
scaffold_61_region	68753	1093	0.02	0	4
scaffold_62	192483	40515	0.21	0	1384
scaffold_62_region	56809	12741	0.22	0	614
scaffold_63	192077	46691	0.24	0	698
scaffold_63_region	59167	39606	0.67	0	698
scaffold_64	191282	5812	0.03	0	8
scaffold_64_region	45416	1111	0.02	0	8
scaffold_65	191030	123197	0.64	0	940
scaffold_65_region	73560	102317	1.39	0	940
scaffold_66	190381	49546	0.26	0	662
scaffold_66_region	68954	20713	0.30	0	652
scaffold_67	188334	79449	0.42	0	748
scaffold_67_region	44481	67052	1.51	0	748
scaffold_68	187937	34888	0.19	0	748
scaffold_68_region	83070	31511	0.38	0	748
scaffold_69	187922	34000	0.18	0	690
scaffold_69_region	42888	25830	0.60	0	690
scaffold_70	187137	40642	0.22	0	652
scaffold_70_region	75788	37643	0.50	0	652
scaffold_71	186328	58568	0.31	0	728
scaffold_71_region	62544	62601	1.00	0	728
scaffold_72	185201	56186	0.30	0	653
scaffold_72_region	76265	44577	0.58	0	653
scaffold_73	185179	45695	0.25	0	712
scaffold_73_region	81022	44925	0.55	0	712
scaffold_74	185105	65925	0.36	0	622
scaffold_74_region	58134	61551	1.06	0	622
scaffold_75	183340	17377	0.09	0	320
scaffold_75_region	79992	10847	0.14	0	224
scaffold_76	182642	65284	0.36	0	1374
scaffold_76_region	58855	41348	0.70	0	1374
scaffold_77	181543	85968	0.47	0	1288
scaffold_77_region	67384	48018	0.71	0	1288
scaffold_78	181022	55606	0.31	0	780
scaffold_78_region	92466	41172	0.45	0	780
scaffold_79	180378	135089	0.75	0	936
scaffold_79_region	61394	121303	1.98	0	936
scaffold_80	180151	44540	0.25	0	620
scaffold_80_region	40865	20530	0.50	0	562
scaffold_81	180027	146819	0.82	0	776
scaffold_81_region	50300	65475	1.30	0	776
scaffold_82	179213	78412	0.44	0	1132
scaffold_82_region	95049	66726	0.70	0	1132
scaffold_83	178484	29110	0.16	0	702
scaffold_83_region	52520	22338	0.43	0	702
scaffold_84	178273	68460	0.38	0	1300
scaffold_84_region	41103	45076	1.10	0	1300
scaffold_85	178075	89141	0.50	0	1230
scaffold_85_region	65113	56209	0.86	0	1230
scaffold_86	178047	68275	0.38	0	668
scaffold_86_region	58617	55980	0.96	0	668
scaffold_87	177289	74460	0.42	0	764
scaffold_87_region	57333	70214	1.22	0	764
scaffold_88	176781	45937	0.26	0	644
scaffold_88_region	48989	20653	0.42	0	644
scaffold_89	176663	41729	0.24	0	694
scaffold_89_region	38173	13896	0.36	0	662
scaffold_90	176536	23749	0.13	0	686
scaffold_90_region	66016	10122	0.15	0	338
scaffold_91	176312	31182	0.18	0	450
scaffold_91_region	58344	16720	0.29	0	324
scaffold_92	175583	107399	0.61	0	907
scaffold_92_region	61285	76992	1.26	0	907
scaffold_93	175281	55836	0.32	0	760
scaffold_93_region	80383	45731	0.57	0	760
scaffold_94	174871	64348	0.37	0	678
scaffold_94_region	64866	49551	0.76	0	646
scaffold_95	173419	30524	0.18	0	590
scaffold_95_region	51013	1628	0.03	0	6
scaffold_96	173074	59216	0.34	0	680
scaffold_96_region	45442	40575	0.89	0	148
scaffold_97	172649	44048	0.26	0	702
scaffold_97_region	71284	27938	0.39	0	702
scaffold_98	172586	132657	0.77	0	1186
scaffold_98_region	80612	140846	1.75	0	1186
scaffold_99	172544	77452	0.45	0	674
scaffold_99_region	46496	58267	1.25	0	674
scaffold_100	172446	57495	0.33	0	700
scaffold_100_region	78431	53216	0.68	0	700
scaffold_101	172275	68785	0.40	0	718
scaffold_101_region	73500	68342	0.93	0	718
scaffold_102	171613	34565	0.20	0	652
scaffold_102_region	51219	20882	0.41	0	652
scaffold_103	171533	54528	0.32	0	646
scaffold_103_region	59885	64233	1.07	0	646
scaffold_104	171030	37288	0.22	0	750
scaffold_104_region	89410	7314	0.08	0	116
scaffold_105	170903	64510	0.38	0	658
scaffold_105_region	75282	51520	0.68	0	658
scaffold_106	169885	41849	0.25	0	676
scaffold_106_region	51836	27583	0.53	0	676
scaffold_107	169371	54550	0.32	0	1424
scaffold_107_region	37710	78717	2.09	0	1424
scaffold_108	168834	25838	0.15	0	1286
scaffold_108_region	9484	414	0.04	0	4
scaffold_109	168488	47408	0.28	0	706
scaffold_109_region	42766	17824	0.42	0	344
scaffold_110	168042	102330	0.61	0	708
scaffold_110_region	48122	27349	0.57	0	708
scaffold_111	168003	62134	0.37	0	814
scaffold_111_region	72501	30050	0.41	0	678
scaffold_112	167007	235731	1.41	0	832
scaffold_112_region	5460	47	0.01	0	2
scaffold_113	166294	26253	0.16	0	618
scaffold_113_region	51028	12920	0.25	0	364
scaffold_114	165975	61149	0.37	0	570
scaffold_114_region	30295	26300	0.87	0	570
scaffold_115	164146	47154	0.29	0	730
scaffold_115_region	54118	60241	1.11	0	730
scaffold_116	164131	111935	0.68	0	718
scaffold_116_region	43819	110770	2.53	0	718
scaffold_117	163749	11806	0.07	0	366
scaffold_117_region	49693	8442	0.17	0	366
scaffold_118	162657	25185	0.15	0	640
scaffold_118_region	20705	371	0.02	0	4
scaffold_119	162364	42813	0.26	0	744
scaffold_119_region	48509	40322	0.83	0	744
scaffold_120	161998	28040	0.17	0	616
scaffold_120_region	25710	22840	0.89	0	616
scaffold_121	161866	30295	0.19	0	686
scaffold_121_region	39579	26209	0.66	0	686
scaffold_122	161638	17427	0.11	0	392
scaffold_122_region	69809	10376	0.15	0	392
scaffold_123	161573	24887	0.15	0	706
scaffold_123_region	44849	15109	0.34	0	706
scaffold_124	161247	85231	0.53	0	760
scaffold_124_region	42248	53430	1.26	0	732
scaffold_125	161229	65588	0.41	0	1426
scaffold_125_region	69258	62972	0.91	0	1426
scaffold_126	160813	84778	0.53	0	598
scaffold_126_region	57354	50859	0.89	0	380
scaffold_127	160184	42656	0.27	0	672
scaffold_127_region	90602	40864	0.45	0	672
scaffold_128	160168	73430	0.46	0	658
scaffold_128_region	48129	64430	1.34	0	658
scaffold_129	160097	27321	0.17	0	702
scaffold_129_region	17089	26341	1.54	0	702
scaffold_130	159856	81356	0.51	0	818
scaffold_130_region	49187	80146	1.63	0	818
scaffold_131	158669	64588	0.41	0	698
scaffold_131_region	22932	27236	1.19	0	698
scaffold_132	158516	58399	0.37	0	682
scaffold_132_region	37791	29376	0.78	0	682
scaffold_133	158504	11975	0.08	0	368
scaffold_133_region	45697	1840	0.04	0	4
scaffold_134	158013	41115	0.26	0	676
scaffold_134_region	39874	26788	0.67	0	520
scaffold_135	157864	44866	0.28	0	740
scaffold_135_region	66791	44947	0.67	0	740
scaffold_136	157824	26809	0.17	0	674
scaffold_136_region	57760	523	0.01	0	8
scaffold_137	157610	94298	0.60	0	798
scaffold_137_region	42946	44452	1.04	0	782
scaffold_138	157485	11518	0.07	0	538
scaffold_138_region	5059	0	0.00	0	0
scaffold_139	157454	26374	0.17	0	668
scaffold_139_region	30635	24982	0.82	0	668
scaffold_140	157188	23546	0.15	0	692
scaffold_140_region	27595	20664	0.75	0	692
scaffold_141	156972	51457	0.33	0	682
scaffold_141_region	30983	14111	0.46	0	682
scaffold_142	156200	11734	0.08	0	538
scaffold_142_region	26491	10756	0.41	0	538
scaffold_143	155646	60229	0.39	0	864
scaffold_143_region	37454	41437	1.11	0	864
scaffold_144	155026	58183	0.38	0	788
scaffold_144_region	48673	71561	1.47	0	788
scaffold_145	154754	50204	0.32	0	722
scaffold_145_region	29428	25924	0.88	0	720
scaffold_146	154557	34956	0.23	0	740
scaffold_146_region	36238	15086	0.42	0	740
scaffold_147	154506	26613	0.17	0	614
scaffold_147_region	48429	23989	0.50	0	614
scaffold_148	154422	28565	0.18	0	594
scaffold_148_region	25117	14613	0.58	0	594
scaffold_149	153403	43433	0.28	0	644
scaffold_149_region	30431	1241	0.04	0	10
scaffold_150	153305	44208	0.29	0	658
scaffold_150_region	36356	23608	0.65	0	608
scaffold_151	153255	41586	0.27	0	672
scaffold_151_region	37506	37931	1.01	0	672
scaffold_152	153078	83806	0.55	0	690
scaffold_152_region	34218	35643	1.04	0	650
scaffold_153	152522	86910	0.57	0	710
scaffold_153_region	40212	64657	1.61	0	710
scaffold_154	152364	64528	0.42	0	734
scaffold_154_region	30819	50243	1.63	0	734
scaffold_155	151761	65474	0.43	0	1288
scaffold_155_region	57226	50036	0.87	0	1288
scaffold_156	151515	37220	0.25	0	714
scaffold_156_region	22729	10965	0.48	0	576
scaffold_157	151421	62813	0.41	0	810
scaffold_157_region	50323	34364	0.68	0	656
scaffold_158	149991	41584	0.28	0	664
scaffold_158_region	47749	38521	0.81	0	664
scaffold_159	149592	100275	0.67	0	1318
scaffold_159_region	67388	99264	1.47	0	1318
scaffold_160	149449	28775	0.19	0	682
scaffold_160_region	50569	26260	0.52	0	682
scaffold_161	149347	83009	0.56	0	744
scaffold_161_region	52966	58977	1.11	0	744
scaffold_162	148955	25285	0.17	0	586
scaffold_162_region	36596	16783	0.46	0	586
scaffold_163	147985	91690	0.62	0	678
scaffold_163_region	59958	90947	1.52	0	678
scaffold_164	147856	41226	0.28	0	686
scaffold_164_region	17795	468	0.03	0	2
scaffold_165	147014	28739	0.20	0	736
scaffold_165_region	51075	50373	0.99	0	736
scaffold_166	146377	16833	0.11	0	576
scaffold_166_region	36781	13044	0.35	0	576
scaffold_167	146155	53182	0.36	0	798
scaffold_167_region	35432	43754	1.23	0	798
scaffold_168	145671	37827	0.26	0	638
scaffold_168_region	96171	25222	0.26	0	608
scaffold_169	145046	1810857	12.48	0	1016
scaffold_169_region	2355	0	0.00	0	0
scaffold_170	143867	15379	0.11	0	624
scaffold_170_region	36927	434	0.01	0	4
scaffold_171	143808	96723	0.67	0	828
scaffold_171_region	68499	84576	1.23	0	828
scaffold_172	143666	57256	0.40	0	702
scaffold_172_region	77907	47721	0.61	0	702
scaffold_173	143279	26898	0.19	0	646
scaffold_173_region	21047	24310	1.16	0	646
scaffold_174	143067	61160	0.43	0	1276
scaffold_174_region	24601	39108	1.59	0	1276
scaffold_175	142764	38144	0.27	0	614
scaffold_175_region	26036	10240	0.39	0	510
scaffold_176	142723	88899	0.62	0	758
scaffold_176_region	41657	74535	1.79	0	758
scaffold_177	142352	30014	0.21	0	684
scaffold_177_region	19488	25414	1.30	0	684
scaffold_178	142238	14294	0.10	0	654
scaffold_178_region	17044	553	0.03	0	4
scaffold_179	142189	27696	0.19	0	608
scaffold_179_region	38244	11379	0.30	0	546
scaffold_180	141690	54511	0.38	0	740
scaffold_180_region	21106	36344	1.72	0	722
scaffold_181	141446	22692	0.16	0	578
scaffold_181_region	36498	778	0.02	0	6
scaffold_182	140981	64767	0.46	0	730
scaffold_182_region	39852	47227	1.19	0	730
scaffold_183	140811	15973	0.11	0	626
scaffold_183_region	27513	13002	0.47	0	626
scaffold_184	140431	16799	0.12	0	682
scaffold_184_region	43008	15577	0.36	0	682
scaffold_185	138347	2046	0.01	0	24
scaffold_185_region	31506	925	0.03	0	6
scaffold_186	138146	14208	0.10	0	666
scaffold_186_region	20166	572	0.03	0	2
scaffold_187	137613	48386	0.35	0	750
scaffold_187_region	53862	48133	0.89	0	750
scaffold_188	137536	53072	0.39	0	850
scaffold_188_region	29314	45521	1.55	0	850
scaffold_189	137095	30778	0.22	0	746
scaffold_189_region	41429	2186	0.05	0	4
scaffold_190	137088	35637	0.26	0	708
scaffold_190_region	39607	19698	0.50	0	408
scaffold_191	137082	35231	0.26	0	634
scaffold_191_region	41668	34129	0.82	0	634
scaffold_192	136784	55925	0.41	0	720
scaffold_192_region	56603	55428	0.98	0	720
scaffold_193	136594	29273	0.21	0	498
scaffold_193_region	19633	15011	0.76	0	340
scaffold_194	135950	68968	0.51	0	684
scaffold_194_region	13066	51427	3.94	0	684
scaffold_195	134453	1328	0.01	0	10
scaffold_195_region	24834	264	0.01	0	2
scaffold_196	134450	43503	0.32	0	546
scaffold_196_region	21233	14059	0.66	0	310
scaffold_197	134373	1843	0.01	0	12
scaffold_197_region	39575	936	0.02	0	6
scaffold_198	134307	52548	0.39	0	670
scaffold_198_region	63111	45152	0.72	0	670
scaffold_199	134283	9156	0.07	0	402
scaffold_199_region	9969	86	0.01	0	2
scaffold_200	134045	97071	0.72	0	1238
scaffold_200_region	34612	72454	2.09	0	1238
scaffold_201	132600	42769	0.32	0	612
scaffold_201_region	62491	33759	0.54	0	612
scaffold_202	132057	15469	0.12	0	618
scaffold_202_region	23759	12622	0.53	0	618
scaffold_203	130707	45873	0.35	0	682
scaffold_203_region	54894	42406	0.77	0	682
scaffold_204	130452	18727	0.14	0	614
scaffold_204_region	41273	2186	0.05	0	8
scaffold_205	130070	23832	0.18	0	518
scaffold_205_region	17160	10504	0.61	0	514
scaffold_206	129812	24369	0.19	0	576
scaffold_206_region	34019	11381	0.33	0	316
scaffold_207	128827	2425	0.02	0	14
scaffold_207_region	25689	600	0.02	0	4
scaffold_208	128668	56285	0.44	0	681
scaffold_208_region	36132	32070	0.89	0	681
scaffold_209	127890	28547	0.22	0	570
scaffold_209_region	48051	27448	0.57	0	570
scaffold_210	127776	23158	0.18	0	616
scaffold_210_region	73641	32507	0.44	0	616
scaffold_211	127747	28675	0.22	0	678
scaffold_211_region	45537	14335	0.31	0	98
scaffold_212	127292	79679	0.63	0	1344
scaffold_212_region	32369	66439	2.05	0	1344
scaffold_213	127205	28283	0.22	0	742
scaffold_213_region	30768	10110	0.33	0	492
scaffold_214	127080	28796	0.23	0	646
scaffold_214_region	46128	25831	0.56	0	646
scaffold_215	126471	27420	0.22	0	614
scaffold_215_region	40451	26175	0.65	0	614
scaffold_216	126347	43109	0.34	0	656
scaffold_216_region	58007	29089	0.50	0	654
scaffold_217	124917	31555	0.25	0	582
scaffold_217_region	23955	18437	0.77	0	582
scaffold_218	124718	12080	0.10	0	576
scaffold_218_region	17449	11381	0.65	0	576
scaffold_219	124251	3619	0.03	0	43
scaffold_219_region	29690	546	0.02	0	3
scaffold_220	123797	3370	0.03	0	17
scaffold_220_region	47815	2615	0.05	0	4
scaffold_221	123782	65575	0.53	0	702
scaffold_221_region	32800	52795	1.61	0	702
scaffold_222	123401	56116	0.45	0	1948
scaffold_222_region	23893	23576	0.99	0	632
scaffold_223	123289	23811	0.19	0	716
scaffold_223_region	34855	23195	0.67	0	716
scaffold_224	122823	51558	0.42	0	748
scaffold_224_region	31130	50154	1.61	0	748
scaffold_225	122661	42460	0.35	0	778
scaffold_225_region	61067	41794	0.68	0	778
scaffold_226	122520	18659	0.15	0	658
scaffold_226_region	11361	737	0.06	0	2
scaffold_227	122435	44527	0.36	0	598
scaffold_227_region	22692	19263	0.85	0	328
scaffold_228	122068	4571	0.04	0	134
scaffold_228_region	24653	1611	0.07	0	5
scaffold_229	121434	16479	0.14	0	610
scaffold_229_region	12634	354	0.03	0	2
scaffold_230	121427	31024	0.26	0	652
scaffold_230_region	32716	26416	0.81	0	652
scaffold_231	121423	41468	0.34	0	676
scaffold_231_region	30835	31625	1.03	0	676
scaffold_232	121356	1678	0.01	0	11
scaffold_232_region	34407	530	0.02	0	4
scaffold_233	121075	65872	0.54	0	736
scaffold_233_region	36902	34122	0.92	0	602
scaffold_234	121074	40705	0.34	0	660
scaffold_234_region	15850	13480	0.85	0	595
scaffold_235	121061	30341	0.25	0	734
scaffold_235_region	15884	14118	0.89	0	684
scaffold_236	120015	2864	0.02	0	5
scaffold_236_region	52095	1818	0.03	0	5
scaffold_237	119706	27478	0.23	0	690
scaffold_237_region	59677	11832	0.20	0	586
scaffold_238	119637	340	0.00	0	2
scaffold_238_region	39973	213	0.01	0	2
scaffold_239	119623	25171	0.21	0	666
scaffold_239_region	28902	11955	0.41	0	592
scaffold_240	119473	19410	0.16	0	746
scaffold_240_region	38593	15293	0.40	0	746
scaffold_241	118261	42935	0.36	0	628
scaffold_241_region	28750	29964	1.04	0	628
scaffold_242	117646	17729	0.15	0	688
scaffold_242_region	57386	1940	0.03	0	4
scaffold_243	117348	22885	0.20	0	680
scaffold_243_region	32071	566	0.02	0	16
scaffold_244	116636	11917	0.10	0	500
scaffold_244_region	41558	9989	0.24	0	500
scaffold_245	115344	46310	0.40	0	810
scaffold_245_region	80736	45894	0.57	0	810
scaffold_246	115141	16348	0.14	0	692
scaffold_246_region	27528	13943	0.51	0	692
scaffold_247	114985	28292	0.25	0	724
scaffold_247_region	23045	14278	0.62	0	724
scaffold_248	114841	15770	0.14	0	628
scaffold_248_region	25015	475	0.02	0	4
scaffold_249	114615	30631	0.27	0	586
scaffold_249_region	81700	24809	0.30	0	586
scaffold_250	114502	47592	0.42	0	710
scaffold_250_region	37192	42425	1.14	0	710
scaffold_251	113886	25969	0.23	0	652
scaffold_251_region	26040	264	0.01	0	2
scaffold_252	113696	14512	0.13	0	602
scaffold_252_region	28983	175	0.01	0	2
scaffold_253	113595	28885	0.25	0	676
scaffold_253_region	39854	11746	0.29	0	516
scaffold_254	113551	17150	0.15	0	641
scaffold_254_region	23602	14206	0.60	0	641
scaffold_255	112688	18346	0.16	0	354
scaffold_255_region	35869	7675	0.21	0	354
scaffold_256	112679	16699	0.15	0	628
scaffold_256_region	19227	13441	0.70	0	628
scaffold_257	112325	21820	0.19	0	610
scaffold_257_region	23542	20104	0.85	0	610
scaffold_258	111643	13781	0.12	0	672
scaffold_258_region	25371	13136	0.52	0	672
scaffold_259	110918	1399	0.01	0	12
scaffold_259_region	20185	218	0.01	0	4
scaffold_260	110588	27177	0.25	0	620
scaffold_260_region	33340	23473	0.70	0	620
scaffold_261	109622	25656	0.23	0	666
scaffold_261_region	27490	12541	0.46	0	638
scaffold_262	108601	56440	0.52	0	700
scaffold_262_region	39661	58423	1.47	0	700
scaffold_263	108381	62844	0.58	0	748
scaffold_263_region	43322	65260	1.51	0	748
scaffold_264	108361	3223	0.03	0	6
scaffold_264_region	21231	2596	0.12	0	6
scaffold_265	107914	16862	0.16	0	299
scaffold_265_region	14220	6322	0.44	0	251
scaffold_266	107661	37048	0.34	0	728
scaffold_266_region	18083	22755	1.26	0	594
scaffold_267	107626	14342	0.13	0	566
scaffold_267_region	15049	541	0.04	0	18
scaffold_268	107439	28161	0.26	0	740
scaffold_268_region	22128	282	0.01	0	4
scaffold_269	107095	25700	0.24	0	626
scaffold_269_region	49026	24729	0.50	0	626
scaffold_270	106890	32384	0.30	0	572
scaffold_270_region	17548	21708	1.24	0	572
scaffold_271	106168	14908	0.14	0	584
scaffold_271_region	35636	11921	0.33	0	584
scaffold_272	106019	2332	0.02	0	19
scaffold_272_region	18935	387	0.02	0	4
scaffold_273	105926	34423	0.32	0	758
scaffold_273_region	12508	28107	2.25	0	758
scaffold_274	105865	22883	0.22	0	584
scaffold_274_region	33077	22293	0.67	0	584
scaffold_275	105677	49421	0.47	0	1152
scaffold_275_region	22378	36429	1.63	0	1152
scaffold_276	105111	746	0.01	0	6
scaffold_276_region	12301	362	0.03	0	2
scaffold_277	105012	39455	0.38	0	714
scaffold_277_region	25650	11607	0.45	0	596
scaffold_278	104839	6870	0.07	0	322
scaffold_278_region	6253	122	0.02	0	4
scaffold_279	103985	56609	0.54	0	768
scaffold_279_region	17364	14048	0.81	0	700
scaffold_280	103820	35044	0.34	0	656
scaffold_280_region	21799	24381	1.12	0	656
scaffold_281	103683	10025	0.10	0	352
scaffold_281_region	8029	38	0.00	0	2
scaffold_282	103571	13224	0.13	0	628
scaffold_282_region	25730	12746	0.50	0	628
scaffold_283	103448	5656	0.05	0	278
scaffold_283_region	2061	0	0.00	0	0
scaffold_284	103219	1340	0.01	0	16
scaffold_284_region	15708	408	0.03	0	2
scaffold_285	103141	31902	0.31	0	672
scaffold_285_region	18958	30980	1.63	0	672
scaffold_286	103055	56730	0.55	0	736
scaffold_286_region	49787	39739	0.80	0	678
scaffold_287	103014	41246	0.40	0	702
scaffold_287_region	72851	36540	0.50	0	702
scaffold_288	103007	43400	0.42	0	730
scaffold_288_region	10926	15372	1.41	0	318
scaffold_289	102848	45662	0.44	0	804
scaffold_289_region	27323	20446	0.75	0	418
scaffold_290	102714	46769	0.46	0	774
scaffold_290_region	41066	46133	1.12	0	774
scaffold_291	102456	2360	0.02	0	6
scaffold_291_region	49834	968	0.02	0	4
scaffold_292	102104	16498	0.16	0	364
scaffold_292_region	15504	16184	1.04	0	364
scaffold_293	101930	12663	0.12	0	586
scaffold_293_region	17599	746	0.04	0	4
scaffold_294	101838	30696	0.30	0	710
scaffold_294_region	7430	1925	0.26	0	6
scaffold_295	101638	77975	0.77	0	336
scaffold_295_region	18131	0	0.00	0	0
scaffold_296	101602	2206	0.02	0	6
scaffold_296_region	45200	1594	0.04	0	6
scaffold_297	101211	590	0.01	0	6
scaffold_297_region	9048	230	0.03	0	4
scaffold_298	101189	60720	0.60	0	1826
scaffold_298_region	18542	58002	3.13	0	1826
scaffold_299	100555	945	0.01	0	11
scaffold_299_region	29167	437	0.01	0	5
scaffold_300	100522	26451	0.26	0	706
scaffold_300_region	28286	20054	0.71	0	706
scaffold_301	99544	71725	0.72	0	780
scaffold_301_region	65627	57738	0.88	0	780
scaffold_302	99402	20127	0.20	0	546
scaffold_302_region	19097	8162	0.43	0	368
scaffold_303	99327	27600	0.28	0	604
scaffold_303_region	24778	12912	0.52	0	604
scaffold_304	99105	12722	0.13	0	590
scaffold_304_region	20375	11506	0.56	0	590
scaffold_305	99063	52894	0.53	0	710
scaffold_305_region	19220	64972	3.38	0	710
scaffold_306	98936	15020	0.15	0	106
scaffold_306_region	15977	548	0.03	0	4
scaffold_307	98075	33318	0.34	0	662
scaffold_307_region	23501	230	0.01	0	2
scaffold_308	97839	37001	0.38	0	318
scaffold_308_region	30656	17571	0.57	0	282
scaffold_309	97776	11246	0.12	0	556
scaffold_309_region	11693	212	0.02	0	2
scaffold_310	97724	42617	0.44	0	748
scaffold_310_region	69240	41811	0.60	0	748
scaffold_311	97560	2850	0.03	0	56
scaffold_311_region	24415	916	0.04	0	3
scaffold_312	97428	21518	0.22	0	602
scaffold_312_region	21922	12364	0.56	0	602
scaffold_313	97383	40881	0.42	0	1286
scaffold_313_region	33415	40300	1.21	0	1286
scaffold_314	97366	19387	0.20	0	466
scaffold_314_region	35591	2477	0.07	0	10
scaffold_315	97258	12039	0.12	0	594
scaffold_315_region	9246	11671	1.26	0	594
scaffold_316	97241	113184	1.16	0	650
scaffold_316_region	31513	25966	0.82	0	650
scaffold_317	96654	55457	0.57	0	726
scaffold_317_region	57603	55184	0.96	0	726
scaffold_318	96140	5425	0.06	0	31
scaffold_318_region	17090	1517	0.09	0	4
scaffold_319	96038	85738	0.89	0	1916
scaffold_319_region	44772	79854	1.78	0	1916
scaffold_320	95520	101175	1.06	0	768
scaffold_320_region	30644	100664	3.28	0	768
scaffold_321	95518	45239	0.47	0	936
scaffold_321_region	35205	44395	1.26	0	936
scaffold_322	95378	27041	0.28	0	654
scaffold_322_region	34748	14797	0.43	0	654
scaffold_323	94942	315	0.00	0	2
scaffold_323_region	10471	0	0.00	0	0
scaffold_324	94909	71362	0.75	0	1328
scaffold_324_region	55290	45125	0.82	0	1328
scaffold_325	94732	52121	0.55	0	656
scaffold_325_region	27495	47025	1.71	0	656
scaffold_326	94680	43949	0.46	0	756
scaffold_326_region	13491	38290	2.84	0	756
scaffold_327	94340	23677	0.25	0	642
scaffold_327_region	6726	12298	1.83	0	642
scaffold_328	94237	18031	0.19	0	342
scaffold_328_region	15365	12727	0.83	0	342
scaffold_329	93994	54169	0.58	0	666
scaffold_329_region	26126	52984	2.03	0	666
scaffold_330	93387	54022	0.58	0	670
scaffold_330_region	18739	26298	1.40	0	650
scaffold_331	93074	10684	0.11	0	336
scaffold_331_region	13510	449	0.03	0	5
scaffold_332	92982	12601	0.14	0	612
scaffold_332_region	9738	220	0.02	0	4
scaffold_333	92759	7437	0.08	0	184
scaffold_333_region	9317	6369	0.68	0	184
scaffold_334	92587	45762	0.49	0	694
scaffold_334_region	15347	25370	1.65	0	694
scaffold_335	92266	26641	0.29	0	646
scaffold_335_region	6616	12302	1.86	0	646
scaffold_336	92258	15307	0.17	0	642
scaffold_336_region	31709	1416	0.04	0	58
scaffold_337	92246	24008	0.26	0	652
scaffold_337_region	30720	23142	0.75	0	652
scaffold_338	92227	16050	0.17	0	698
scaffold_338_region	52377	15731	0.30	0	698
scaffold_339	92072	1397	0.02	0	44
scaffold_339_region	7777	110	0.01	0	2
scaffold_340	91853	5034	0.05	0	44
scaffold_340_region	25486	433	0.02	0	2
scaffold_341	91671	6828	0.07	0	80
scaffold_341_region	22391	647	0.03	0	2
scaffold_342	90880	20989	0.23	0	644
scaffold_342_region	19540	7078	0.36	0	338
scaffold_343	90817	82	0.00	0	2
scaffold_343_region	1055	0	0.00	0	0
scaffold_344	90564	23307	0.26	0	620
scaffold_344_region	42426	22298	0.53	0	620
scaffold_345	90259	27670	0.31	0	614
scaffold_345_region	15568	9698	0.62	0	504
scaffold_346	89851	9494	0.11	0	414
scaffold_346_region	49160	9080	0.18	0	414
scaffold_347	89608	942	0.01	0	10
scaffold_347_region	23126	546	0.02	0	2
scaffold_348	89433	12555	0.14	0	610
scaffold_348_region	20980	11745	0.56	0	610
scaffold_349	89112	2080	0.02	0	6
scaffold_349_region	31733	1186	0.04	0	6
scaffold_350	88882	8083	0.09	0	100
scaffold_350_region	30151	1436	0.05	0	8
scaffold_351	88610	907	0.01	0	6
scaffold_351_region	3287	38	0.01	0	2
scaffold_352	88317	24074	0.27	0	624
scaffold_352_region	33808	23329	0.69	0	624
scaffold_353	88276	70904	0.80	0	596
scaffold_353_region	26415	1200	0.05	0	5
scaffold_354	88090	39521	0.45	0	630
scaffold_354_region	55507	26758	0.48	0	622
scaffold_355	87990	15209	0.17	0	756
scaffold_355_region	4535	0	0.00	0	0
scaffold_356	87930	29939	0.34	0	710
scaffold_356_region	56208	29607	0.53	0	710
scaffold_357	87899	62206	0.71	0	754
scaffold_357_region	25927	49503	1.91	0	754
scaffold_358	87646	5852	0.07	0	6
scaffold_358_region	12923	1075	0.08	0	5
scaffold_359	87469	4941	0.06	0	26
scaffold_359_region	37247	840	0.02	0	8
scaffold_360	87340	1023	0.01	0	6
scaffold_360_region	21198	542	0.03	0	6
scaffold_361	87326	36207	0.41	0	658
scaffold_361_region	36209	35296	0.97	0	658
scaffold_362	87323	39108	0.45	0	698
scaffold_362_region	25869	36805	1.42	0	698
scaffold_363	87269	12127	0.14	0	556
scaffold_363_region	21372	11226	0.53	0	556
scaffold_364	87190	48553	0.56	0	744
scaffold_364_region	4836	12543	2.59	0	648
scaffold_365	87098	16086	0.18	0	298
scaffold_365_region	9885	9139	0.92	0	298
scaffold_366	86948	19978	0.23	0	470
scaffold_366_region	13787	42	0.00	0	2
scaffold_367	86686	943	0.01	0	22
scaffold_367_region	8810	38	0.00	0	2
scaffold_368	86653	6619	0.08	0	174
scaffold_368_region	0	0	0.00	0	0
scaffold_369	85419	62461	0.73	0	1472
scaffold_369_region	19412	47782	2.46	0	1472
scaffold_370	85185	4227	0.05	0	6
scaffold_370_region	67680	4330	0.06	0	6
scaffold_371	85185	133469	1.57	0	750
scaffold_371_region	19531	97885	5.01	0	750
scaffold_372	85119	3532	0.04	0	36
scaffold_372_region	31511	772	0.02	0	4
scaffold_373	84939	23462	0.28	0	726
scaffold_373_region	6768	0	0.00	0	0
scaffold_374	84823	15116	0.18	0	330
scaffold_374_region	38606	13743	0.36	0	330
scaffold_375	84781	29432	0.35	0	764
scaffold_375_region	8716	225	0.03	0	2
scaffold_376	84516	19093	0.23	0	562
scaffold_376_region	53712	18397	0.34	0	562
scaffold_377	84298	19245	0.23	0	598
scaffold_377_region	26085	18475	0.71	0	598
scaffold_378	84294	1439	0.02	0	20
scaffold_378_region	25002	301	0.01	0	2
scaffold_379	84253	26776	0.32	0	622
scaffold_379_region	23896	25773	1.08	0	622
scaffold_380	84218	7409	0.09	0	320
scaffold_380_region	51084	7023	0.14	0	320
scaffold_381	84142	31999	0.38	0	654
scaffold_381_region	13270	11078	0.83	0	566
scaffold_382	83915	62752	0.75	0	668
scaffold_382_region	11025	37146	3.37	0	668
scaffold_383	83890	22572	0.27	0	506
scaffold_383_region	18531	21427	1.16	0	506
scaffold_384	83849	24799	0.30	0	638
scaffold_384_region	44833	12587	0.28	0	514
scaffold_385	83469	28414	0.34	0	674
scaffold_385_region	32487	24723	0.76	0	674
scaffold_386	83466	53562	0.64	0	724
scaffold_386_region	53274	49561	0.93	0	724
scaffold_387	83320	18237	0.22	0	666
scaffold_387_region	48732	18065	0.37	0	666
scaffold_388	83074	66552	0.80	0	730
scaffold_388_region	34039	48885	1.44	0	730
scaffold_389	83023	28483	0.34	0	598
scaffold_389_region	13782	19149	1.39	0	598
scaffold_390	82833	2920	0.04	0	6
scaffold_390_region	3740	549	0.15	0	2
scaffold_391	82820	15150	0.18	0	704
scaffold_391_region	20415	1075	0.05	0	4
scaffold_392	82746	2015	0.02	0	37
scaffold_392_region	0	0	0.00	0	0
scaffold_393	82451	2037	0.02	0	14
scaffold_393_region	32861	1077	0.03	0	6
scaffold_394	82386	14030	0.17	0	624
scaffold_394_region	1271	0	0.00	0	0
scaffold_395	82026	2221	0.03	0	22
scaffold_395_region	6246	158	0.03	0	2
scaffold_396	81849	36728	0.45	0	672
scaffold_396_region	51433	36443	0.71	0	672
scaffold_397	81805	3955	0.05	0	42
scaffold_397_region	8732	38	0.00	0	2
scaffold_398	81675	167561	2.05	0	682
scaffold_398_region	25290	33865	1.34	0	682
scaffold_399	81365	73386	0.90	0	632
scaffold_399_region	51315	72979	1.42	0	632
scaffold_400	81339	2405	0.03	0	13
scaffold_400_region	15427	244	0.02	0	2
scaffold_401	81303	1073	0.01	0	4
scaffold_401_region	3587	40	0.01	0	2
scaffold_402	81282	27660	0.34	0	666
scaffold_402_region	28626	13310	0.46	0	310
scaffold_403	81072	24067	0.30	0	610
scaffold_403_region	6332	0	0.00	0	0
scaffold_404	80930	12096	0.15	0	550
scaffold_404_region	35032	874	0.02	0	4
scaffold_405	80651	12064	0.15	0	550
scaffold_405_region	2534	76	0.03	0	4
scaffold_406	80488	33173	0.41	0	600
scaffold_406_region	31944	12760	0.40	0	600
scaffold_407	80410	53286	0.66	0	698
scaffold_407_region	17127	51839	3.03	0	698
scaffold_408	80007	29119	0.36	0	560
scaffold_408_region	18213	15675	0.86	0	560
scaffold_409	79940	11491	0.14	0	370
scaffold_409_region	8720	7156	0.82	0	370
scaffold_410	79838	5449	0.07	0	220
scaffold_410_region	11551	5206	0.45	0	220
scaffold_411	79757	4482	0.06	0	172
scaffold_411_region	9013	117	0.01	0	2
scaffold_412	79658	24985	0.31	0	576
scaffold_412_region	33646	23641	0.70	0	576
scaffold_413	79610	12172	0.15	0	310
scaffold_413_region	6464	11023	1.71	0	310
scaffold_414	79483	35220	0.44	0	680
scaffold_414_region	25546	13449	0.53	0	680
scaffold_415	79418	19711	0.25	0	746
scaffold_415_region	31809	18605	0.58	0	746
scaffold_416	78916	45848	0.58	0	636
scaffold_416_region	37483	52696	1.41	0	636
scaffold_417	78851	14989	0.19	0	714
scaffold_417_region	16405	13717	0.84	0	714
scaffold_418	78267	25652	0.33	0	642
scaffold_418_region	22536	22168	0.98	0	642
scaffold_419	78215	26972	0.34	0	652
scaffold_419_region	23227	13009	0.56	0	614
scaffold_420	78151	17364	0.22	0	584
scaffold_420_region	17246	647	0.04	0	3
scaffold_421	78143	12991	0.17	0	596
scaffold_421_region	17944	136	0.01	0	2
scaffold_422	78048	34812	0.45	0	720
scaffold_422_region	37576	20023	0.53	0	698
scaffold_423	77699	11912	0.15	0	562
scaffold_423_region	16144	10987	0.68	0	562
scaffold_424	77586	11126	0.14	0	552
scaffold_424_region	17768	10774	0.61	0	552
scaffold_425	77574	1869	0.02	0	10
scaffold_425_region	12083	867	0.07	0	2
scaffold_426	77460	15265	0.20	0	612
scaffold_426_region	44789	14713	0.33	0	612
scaffold_427	77097	13313	0.17	0	73
scaffold_427_region	13208	1664	0.13	0	5
scaffold_428	76751	14775	0.19	0	582
scaffold_428_region	8687	133	0.02	0	2
scaffold_429	76477	17020	0.22	0	658
scaffold_429_region	47022	16765	0.36	0	658
scaffold_430	76274	25267	0.33	0	636
scaffold_430_region	0	0	0.00	0	0
scaffold_431	76262	16493	0.22	0	604
scaffold_431_region	7504	42	0.01	0	2
scaffold_432	75946	25844	0.34	0	592
scaffold_432_region	33461	12265	0.37	0	472
scaffold_433	75870	38343	0.51	0	782
scaffold_433_region	15142	24563	1.62	0	782
scaffold_434	75713	19116	0.25	0	170
scaffold_434_region	46161	17982	0.39	0	170
scaffold_435	75607	13670	0.18	0	626
scaffold_435_region	16565	12944	0.78	0	626
scaffold_436	75386	12156	0.16	0	602
scaffold_436_region	9798	0	0.00	0	0
scaffold_437	75216	13518	0.18	0	618
scaffold_437_region	2172	0	0.00	0	0
scaffold_438	75122	26182	0.35	0	770
scaffold_438_region	16046	15467	0.96	0	770
scaffold_439	74441	15506	0.21	0	514
scaffold_439_region	43037	14715	0.34	0	514
scaffold_440	74274	26604	0.36	0	714
scaffold_440_region	9206	23999	2.61	0	714
scaffold_441	74242	37517	0.51	0	596
scaffold_441_region	47157	48548	1.03	0	596
scaffold_442	74230	3973	0.05	0	12
scaffold_442_region	47045	3532	0.08	0	10
scaffold_443	73789	42476	0.58	0	686
scaffold_443_region	40450	42127	1.04	0	686
scaffold_444	73783	15178	0.21	0	714
scaffold_444_region	11069	156	0.01	0	2
scaffold_445	73745	12567	0.17	0	636
scaffold_445_region	20895	150	0.01	0	2
scaffold_446	73629	22014	0.30	0	584
scaffold_446_region	12416	38	0.00	0	2
scaffold_447	73460	460	0.01	0	8
scaffold_447_region	0	0	0.00	0	0
scaffold_448	73427	23686	0.32	0	608
scaffold_448_region	12732	9409	0.74	0	460
scaffold_449	73377	12431	0.17	0	480
scaffold_449_region	17795	10313	0.58	0	480
scaffold_450	73061	1463	0.02	0	14
scaffold_450_region	3991	38	0.01	0	2
scaffold_451	73055	13327	0.18	0	654
scaffold_451_region	10103	12469	1.23	0	654
scaffold_452	72929	9879	0.14	0	508
scaffold_452_region	986	0	0.00	0	0
scaffold_453	72812	24418	0.34	0	656
scaffold_453_region	25944	24108	0.93	0	656
scaffold_454	72762	1170	0.02	0	4
scaffold_454_region	23023	894	0.04	0	4
scaffold_455	72574	13588	0.19	0	366
scaffold_455_region	2128	0	0.00	0	0
scaffold_456	72095	25809	0.36	0	680
scaffold_456_region	16792	12110	0.72	0	630
scaffold_457	71870	66897	0.93	0	718
scaffold_457_region	12765	25889	2.03	0	718
scaffold_458	71805	13571	0.19	0	124
scaffold_458_region	5460	12769	2.34	0	124
scaffold_459	71584	248	0.00	0	2
scaffold_459_region	0	0	0.00	0	0
scaffold_460	71485	2709	0.04	0	33
scaffold_460_region	18193	140	0.01	0	2
scaffold_461	71164	43839	0.62	0	678
scaffold_461_region	18863	29844	1.58	0	678
scaffold_462	71148	12900	0.18	0	574
scaffold_462_region	53749	11738	0.22	0	574
scaffold_463	70970	604	0.01	0	6
scaffold_463_region	0	0	0.00	0	0
scaffold_464	70632	731	0.01	0	4
scaffold_464_region	28290	339	0.01	0	4
scaffold_465	70353	1542	0.02	0	4
scaffold_465_region	26899	1350	0.05	0	4
scaffold_466	70333	14985	0.21	0	668
scaffold_466_region	15052	551	0.04	0	12
scaffold_467	70218	52394	0.75	0	1250
scaffold_467_region	42165	41208	0.98	0	1250
scaffold_468	69946	38476	0.55	0	621
scaffold_468_region	10624	21177	1.99	0	621
scaffold_469	69755	277	0.00	0	4
scaffold_469_region	0	0	0.00	0	0
scaffold_470	69619	13088	0.19	0	292
scaffold_470_region	6765	11452	1.69	0	292
scaffold_471	69561	6005	0.09	0	266
scaffold_471_region	10039	5586	0.56	0	266
scaffold_472	69356	752	0.01	0	4
scaffold_472_region	23582	367	0.02	0	2
scaffold_473	69057	25855	0.37	0	672
scaffold_473_region	8538	13010	1.52	0	672
scaffold_474	68905	29979	0.44	0	642
scaffold_474_region	15291	29563	1.93	0	642
scaffold_475	68800	42389	0.62	0	744
scaffold_475_region	21642	42263	1.95	0	744
scaffold_476	68693	607	0.01	0	10
scaffold_476_region	0	0	0.00	0	0
scaffold_477	68474	145420	2.12	0	628
scaffold_477_region	14563	130661	8.97	0	560
scaffold_478	68398	39897	0.58	0	736
scaffold_478_region	32793	39028	1.19	0	736
scaffold_479	68395	27220	0.40	0	668
scaffold_479_region	26924	14561	0.54	0	668
scaffold_480	68314	13125	0.19	0	646
scaffold_480_region	7194	12559	1.75	0	646
scaffold_481	68283	2761	0.04	0	24
scaffold_481_region	16837	863	0.05	0	2
scaffold_482	68163	27058	0.40	0	670
scaffold_482_region	25438	26434	1.04	0	670
scaffold_483	68107	13801	0.20	0	624
scaffold_483_region	25682	13539	0.53	0	624
scaffold_484	67857	13163	0.19	0	586
scaffold_484_region	16916	12531	0.74	0	586
scaffold_485	67718	11283	0.17	0	552
scaffold_485_region	8317	208	0.03	0	2
scaffold_486	67699	41166	0.61	0	642
scaffold_486_region	28791	40677	1.41	0	642
scaffold_487	67643	30257	0.45	0	592
scaffold_487_region	10097	11960	1.18	0	592
scaffold_488	67640	23163	0.34	0	640
scaffold_488_region	32954	23041	0.70	0	640
scaffold_489	67225	12658	0.19	0	594
scaffold_489_region	10949	386	0.04	0	4
scaffold_490	67041	16689	0.25	0	690
scaffold_490_region	26932	16455	0.61	0	690
scaffold_491	66922	47348	0.71	0	598
scaffold_491_region	32146	32755	1.02	0	598
scaffold_492	66829	25702	0.38	0	704
scaffold_492_region	41545	25513	0.61	0	704
scaffold_493	66803	58865	0.88	0	1212
scaffold_493_region	36642	35931	0.98	0	1212
scaffold_494	66722	37817	0.57	0	720
scaffold_494_region	42858	37377	0.87	0	720
scaffold_495	66642	27791	0.42	0	654
scaffold_495_region	7710	0	0.00	0	0
scaffold_496	66639	24302	0.36	0	680
scaffold_496_region	21513	23860	1.11	0	680
scaffold_497	66554	7988	0.12	0	354
scaffold_497_region	2804	1814	0.65	0	354
scaffold_498	66257	93929	1.42	0	690
scaffold_498_region	33530	106257	3.17	0	690
scaffold_499	66249	1260	0.02	0	24
scaffold_499_region	12449	366	0.03	0	2
scaffold_500	65998	11271	0.17	0	292
scaffold_500_region	6925	10580	1.53	0	292
scaffold_501	65913	6777	0.10	0	49
scaffold_501_region	19376	304	0.02	0	6
scaffold_502	65706	28480	0.43	0	750
scaffold_502_region	32708	14652	0.45	0	750
scaffold_503	65542	15699	0.24	0	462
scaffold_503_region	4358	166	0.04	0	1
scaffold_504	65504	1185	0.02	0	8
scaffold_504_region	9376	742	0.08	0	8
scaffold_505	65361	96829	1.48	0	698
scaffold_505_region	49715	107856	2.17	0	698
scaffold_506	65220	1095	0.02	0	8
scaffold_506_region	5564	753	0.14	0	8
scaffold_507	65074	1645	0.03	0	31
scaffold_507_region	380	0	0.00	0	0
scaffold_508	64949	14601	0.22	0	724
scaffold_508_region	0	0	0.00	0	0
scaffold_509	64895	5505	0.08	0	232
scaffold_509_region	5286	38	0.01	0	2
scaffold_510	64843	25730	0.40	0	684
scaffold_510_region	14470	25145	1.74	0	684
scaffold_511	64783	41886	0.65	0	742
scaffold_511_region	20461	27876	1.36	0	742
scaffold_512	64266	420	0.01	0	4
scaffold_512_region	1328	0	0.00	0	0
scaffold_513	64198	2726	0.04	0	17
scaffold_513_region	0	0	0.00	0	0
scaffold_514	63968	1491	0.02	0	4
scaffold_514_region	18268	1040	0.06	0	2
scaffold_515	63948	97715	1.53	0	1212
scaffold_515_region	40764	97511	2.39	0	1212
scaffold_516	63727	908	0.01	0	6
scaffold_516_region	33324	755	0.02	0	4
scaffold_517	63625	11131	0.17	0	528
scaffold_517_region	0	0	0.00	0	0
scaffold_518	63171	14171	0.22	0	650
scaffold_518_region	10490	13471	1.28	0	650
scaffold_519	63103	14037	0.22	0	296
scaffold_519_region	28458	1865	0.07	0	4
scaffold_520	63068	25009	0.40	0	642
scaffold_520_region	14667	23920	1.63	0	642
scaffold_521	63062	68478	1.09	0	682
scaffold_521_region	7708	36246	4.70	0	104
scaffold_522	62954	614	0.01	0	17
scaffold_522_region	0	0	0.00	0	0
scaffold_523	62592	12543	0.20	0	622
scaffold_523_region	17963	12505	0.70	0	622
scaffold_524	62031	39298	0.63	0	638
scaffold_524_region	21984	38952	1.77	0	638
scaffold_525	61995	36743	0.59	0	662
scaffold_525_region	29572	49146	1.66	0	662
scaffold_526	61909	25139	0.41	0	700
scaffold_526_region	25064	11634	0.46	0	580
scaffold_527	61794	43355	0.70	0	828
scaffold_527_region	7944	13512	1.70	0	676
scaffold_528	61729	25542	0.41	0	600
scaffold_528_region	29405	24919	0.85	0	600
scaffold_529	61707	25052	0.41	0	576
scaffold_529_region	5333	0	0.00	0	0
scaffold_530	61688	43482	0.70	0	656
scaffold_530_region	24271	29982	1.24	0	656
scaffold_531	61681	38963	0.63	0	714
scaffold_531_region	43693	32528	0.74	0	714
scaffold_532	61663	1258	0.02	0	4
scaffold_532_region	25556	1058	0.04	0	4
scaffold_533	61650	24896	0.40	0	636
scaffold_533_region	28754	24517	0.85	0	636
scaffold_534	61581	13498	0.22	0	618
scaffold_534_region	26273	13038	0.50	0	618
scaffold_535	61367	26837	0.44	0	630
scaffold_535_region	25836	24287	0.94	0	630
scaffold_536	60924	62931	1.03	0	680
scaffold_536_region	31074	49983	1.61	0	680
scaffold_537	60799	23505	0.39	0	650
scaffold_537_region	17569	279	0.02	0	2
scaffold_538	60758	11687	0.19	0	574
scaffold_538_region	31287	642	0.02	0	2
scaffold_539	60594	5248	0.09	0	214
scaffold_539_region	14335	265	0.02	0	2
scaffold_540	60525	34844	0.58	0	600
scaffold_540_region	37036	23154	0.63	0	588
scaffold_541	60427	312	0.01	0	4
scaffold_541_region	1516	0	0.00	0	0
scaffold_542	60406	3462	0.06	0	18
scaffold_542_region	26427	1907	0.07	0	11
scaffold_543	60168	404	0.01	0	6
scaffold_543_region	0	0	0.00	0	0
scaffold_544	60031	497	0.01	0	6
scaffold_544_region	0	0	0.00	0	0
scaffold_545	60027	13995	0.23	0	546
scaffold_545_region	36563	13750	0.38	0	546
scaffold_546	59955	562	0.01	0	4
scaffold_546_region	0	0	0.00	0	0
scaffold_547	59759	431	0.01	0	6
scaffold_547_region	0	0	0.00	0	0
scaffold_548	59632	13581	0.23	0	644
scaffold_548_region	43175	13543	0.31	0	644
scaffold_549	59573	7432	0.12	0	135
scaffold_549_region	0	0	0.00	0	0
scaffold_550	59426	1530	0.03	0	4
scaffold_550_region	33265	1416	0.04	0	3
scaffold_551	59222	40879	0.69	0	732
scaffold_551_region	33885	40504	1.20	0	732
scaffold_552	59217	2352	0.04	0	29
scaffold_552_region	10008	40	0.00	0	2
scaffold_553	59103	49963	0.85	0	686
scaffold_553_region	25504	10412	0.41	0	530
scaffold_554	58824	1794	0.03	0	45
scaffold_554_region	0	0	0.00	0	0
scaffold_555	58820	75812	1.29	0	726
scaffold_555_region	35372	75609	2.14	0	726
scaffold_556	58560	16897	0.29	0	660
scaffold_556_region	21141	16256	0.77	0	660
scaffold_557	58372	46655	0.80	0	728
scaffold_557_region	33660	33330	0.99	0	728
scaffold_558	58029	18422	0.32	0	708
scaffold_558_region	42041	32037	0.76	0	708
scaffold_559	57947	628	0.01	0	4
scaffold_559_region	15457	532	0.03	0	4
scaffold_560	57919	14252	0.25	0	706
scaffold_560_region	0	0	0.00	0	0
scaffold_561	57874	16469	0.28	0	730
scaffold_561_region	10366	14853	1.43	0	730
scaffold_562	57783	11534	0.20	0	576
scaffold_562_region	24604	11373	0.46	0	576
scaffold_563	57551	13336	0.23	0	656
scaffold_563_region	3867	221	0.06	0	2
scaffold_564	57505	3108	0.05	0	118
scaffold_564_region	21781	676	0.03	0	4
scaffold_565	57387	71143	1.24	0	1029
scaffold_565_region	24637	58835	2.39	0	1029
scaffold_566	57288	12860	0.22	0	542
scaffold_566_region	36180	12513	0.35	0	542
scaffold_567	57221	8515	0.15	0	304
scaffold_567_region	4489	5778	1.29	0	304
scaffold_568	57075	2288	0.04	0	24
scaffold_568_region	17637	1336	0.08	0	5
scaffold_569	57046	12217	0.21	0	594
scaffold_569_region	24191	11801	0.49	0	594
scaffold_570	56974	56323	0.99	0	668
scaffold_570_region	34504	55842	1.62	0	668
scaffold_571	56859	38	0.00	0	2
scaffold_571_region	0	0	0.00	0	0
scaffold_572	56856	978	0.02	0	24
scaffold_572_region	257	0	0.00	0	0
scaffold_573	56823	28660	0.50	0	796
scaffold_573_region	23597	13433	0.57	0	592
scaffold_574	56767	5783	0.10	0	58
scaffold_574_region	4429	0	0.00	0	0
scaffold_575	56733	23454	0.41	0	624
scaffold_575_region	3436	6246	1.82	0	310
scaffold_576	56657	1102	0.02	0	4
scaffold_576_region	28610	719	0.03	0	4
scaffold_577	56633	10712	0.19	0	248
scaffold_577_region	442	0	0.00	0	0
scaffold_578	56598	564	0.01	0	5
scaffold_578_region	0	0	0.00	0	0
scaffold_579	56523	200	0.00	0	4
scaffold_579_region	14754	84	0.01	0	2
scaffold_580	56296	2865	0.05	0	86
scaffold_580_region	41729	4291	0.10	0	86
scaffold_581	56249	15433	0.27	0	736
scaffold_581_region	0	0	0.00	0	0
scaffold_582	56180	17845	0.32	0	664
scaffold_582_region	24823	14274	0.58	0	664
scaffold_583	56019	6914	0.12	0	310
scaffold_583_region	7545	6388	0.85	0	310
scaffold_584	55953	5998	0.11	0	302
scaffold_584_region	755	0	0.00	0	0
scaffold_585	55616	27098	0.49	0	702
scaffold_585_region	12624	12178	0.96	0	564
scaffold_586	55609	24969	0.45	0	666
scaffold_586_region	9651	12904	1.34	0	666
scaffold_587	55546	29460	0.53	0	624
scaffold_587_region	42001	38115	0.91	0	624
scaffold_588	55437	56143	1.01	0	1362
scaffold_588_region	15304	55557	3.63	0	1362
scaffold_589	55366	4612	0.08	0	27
scaffold_589_region	33713	1133	0.03	0	4
scaffold_590	55296	49541	0.90	0	664
scaffold_590_region	25764	49118	1.91	0	664
scaffold_591	55132	36717	0.67	0	672
scaffold_591_region	33351	36678	1.10	0	672
scaffold_592	55109	11337	0.21	0	554
scaffold_592_region	29143	11174	0.38	0	554
scaffold_593	55000	12709	0.23	0	640
scaffold_593_region	4954	12188	2.46	0	640
scaffold_594	54848	28214	0.51	0	670
scaffold_594_region	12743	28572	2.24	0	670
scaffold_595	54839	28715	0.52	0	740
scaffold_595_region	27868	27411	0.98	0	740
scaffold_596	54823	795	0.01	0	8
scaffold_596_region	8222	0	0.00	0	0
scaffold_597	54798	10156	0.19	0	508
scaffold_597_region	17280	9694	0.56	0	508
scaffold_598	54785	12391	0.23	0	336
scaffold_598_region	16248	7404	0.46	0	336
scaffold_599	54685	24898	0.46	0	590
scaffold_599_region	20113	22263	1.11	0	590
scaffold_600	54597	25699	0.47	0	662
scaffold_600_region	18238	11428	0.63	0	570
scaffold_601	54438	25307	0.46	0	592
scaffold_601_region	19378	19062	0.98	0	352
scaffold_602	54308	13906	0.26	0	692
scaffold_602_region	36737	13712	0.37	0	692
scaffold_603	54151	1372	0.03	0	7
scaffold_603_region	0	0	0.00	0	0
scaffold_604	54113	976	0.02	0	9
scaffold_604_region	2570	38	0.01	0	2
scaffold_605	53886	29025	0.54	0	724
scaffold_605_region	4017	14438	3.59	0	396
scaffold_606	53538	281	0.01	0	8
scaffold_606_region	0	0	0.00	0	0
scaffold_607	53444	37031	0.69	0	680
scaffold_607_region	16823	25761	1.53	0	680
scaffold_608	53433	8402	0.16	0	290
scaffold_608_region	9196	7826	0.85	0	290
scaffold_609	53205	27637	0.52	0	720
scaffold_609_region	9974	76	0.01	0	2
scaffold_610	53112	76	0.00	0	2
scaffold_610_region	0	0	0.00	0	0
scaffold_611	53036	232	0.00	0	4
scaffold_611_region	0	0	0.00	0	0
scaffold_612	52960	13030	0.25	0	650
scaffold_612_region	22001	12700	0.58	0	650
scaffold_613	52944	63243	1.19	0	728
scaffold_613_region	18729	39404	2.10	0	728
scaffold_614	52833	28448	0.54	0	606
scaffold_614_region	5483	0	0.00	0	0
scaffold_615	52763	20235	0.38	0	608
scaffold_615_region	10429	11855	1.14	0	608
scaffold_616	52617	44768	0.85	0	748
scaffold_616_region	28318	44791	1.58	0	748
scaffold_617	52550	180	0.00	0	2
scaffold_617_region	1358	54	0.04	0	1
scaffold_618	52433	260	0.00	0	2
scaffold_618_region	931	0	0.00	0	0
scaffold_619	52362	32369	0.62	0	1137
scaffold_619_region	4538	31132	6.86	0	1137
scaffold_620	52298	316	0.01	0	4
scaffold_620_region	0	0	0.00	0	0
scaffold_621	52098	6285	0.12	0	318
scaffold_621_region	1235	0	0.00	0	0
scaffold_622	51964	623	0.01	0	6
scaffold_622_region	12953	292	0.02	0	2
scaffold_623	51955	23837	0.46	0	643
scaffold_623_region	21836	23777	1.09	0	643
scaffold_624	51928	12987	0.25	0	628
scaffold_624_region	12159	12264	1.01	0	628
scaffold_625	51908	55223	1.06	0	766
scaffold_625_region	24828	65578	2.64	0	766
scaffold_626	51856	449	0.01	0	4
scaffold_626_region	23556	335	0.01	0	2
scaffold_627	51727	12225	0.24	0	582
scaffold_627_region	0	0	0.00	0	0
scaffold_628	51612	647	0.01	0	12
scaffold_628_region	0	0	0.00	0	0
scaffold_629	51474	533	0.01	0	2
scaffold_629_region	3220	197	0.06	0	2
scaffold_630	51367	18383	0.36	0	782
scaffold_630_region	8913	15846	1.78	0	782
scaffold_631	51336	689	0.01	0	6
scaffold_631_region	0	0	0.00	0	0
scaffold_632	51335	322	0.01	0	3
scaffold_632_region	0	0	0.00	0	0
scaffold_633	51096	18548	0.36	0	502
scaffold_633_region	0	0	0.00	0	0
scaffold_634	51087	3327	0.07	0	134
scaffold_634_region	0	0	0.00	0	0
scaffold_635	51043	2558	0.05	0	116
scaffold_635_region	0	0	0.00	0	0
scaffold_636	51032	13976	0.27	0	638
scaffold_636_region	22476	13898	0.62	0	638
scaffold_637	50969	5883	0.12	0	214
scaffold_637_region	1526	0	0.00	0	0
scaffold_638	50738	5300	0.10	0	278
scaffold_638_region	31650	5300	0.17	0	278
scaffold_639	50724	5292	0.10	0	218
scaffold_639_region	3922	0	0.00	0	0
scaffold_640	50671	14776	0.29	0	572
scaffold_640_region	15540	14271	0.92	0	572
scaffold_641	50630	25383	0.50	0	720
scaffold_641_region	12899	400	0.03	0	2
scaffold_642	50325	39601	0.79	0	688
scaffold_642_region	31714	38966	1.23	0	688
scaffold_643	50203	3321	0.07	0	136
scaffold_643_region	0	0	0.00	0	0
scaffold_644	50148	57439	1.15	0	822
scaffold_644_region	14227	46071	3.24	0	822
scaffold_645	50107	661	0.01	0	31
scaffold_645_region	0	0	0.00	0	0
scaffold_646	50075	32422	0.65	0	598
scaffold_646_region	22823	30363	1.33	0	598
scaffold_647	49984	15635	0.31	0	692
scaffold_647_region	26685	15297	0.57	0	692
scaffold_648	49968	7743	0.15	0	170
scaffold_648_region	12224	5071	0.41	0	170
scaffold_649	49915	13960	0.28	0	566
scaffold_649_region	5056	10764	2.13	0	566
scaffold_650	49838	937	0.02	0	7
scaffold_650_region	0	0	0.00	0	0
scaffold_651	49625	14379	0.29	0	730
scaffold_651_region	1821	0	0.00	0	0
scaffold_652	49613	2143	0.04	0	86
scaffold_652_region	570	0	0.00	0	0
scaffold_653	49607	506	0.01	0	8
scaffold_653_region	0	0	0.00	0	0
scaffold_654	49546	16759	0.34	0	702
scaffold_654_region	29621	16319	0.55	0	702
scaffold_655	49490	26409	0.53	0	722
scaffold_655_region	29217	14515	0.50	0	722
scaffold_656	49312	42555	0.86	0	734
scaffold_656_region	38830	41749	1.08	0	734
scaffold_657	49143	1502	0.03	0	7
scaffold_657_region	0	0	0.00	0	0
scaffold_658	49131	15644	0.32	0	776
scaffold_658_region	26723	15384	0.58	0	776
scaffold_659	49080	24877	0.51	0	658
scaffold_659_region	19739	24771	1.25	0	658
scaffold_660	49077	194	0.00	0	2
scaffold_660_region	0	0	0.00	0	0
scaffold_661	49064	894	0.02	0	18
scaffold_661_region	25121	637	0.03	0	18
scaffold_662	48803	80	0.00	0	4
scaffold_662_region	0	0	0.00	0	0
scaffold_663	48739	14657	0.30	0	640
scaffold_663_region	21963	13982	0.64	0	640
scaffold_664	48731	206	0.00	0	8
scaffold_664_region	9389	168	0.02	0	8
scaffold_665	48427	52321	1.08	0	798
scaffold_665_region	17561	41553	2.37	0	798
scaffold_666	48370	273	0.01	0	4
scaffold_666_region	0	0	0.00	0	0
scaffold_667	48350	14618	0.30	0	734
scaffold_667_region	11442	360	0.03	0	10
scaffold_668	48222	36545	0.76	0	662
scaffold_668_region	16728	36467	2.18	0	662
scaffold_669	47809	22899	0.48	0	580
scaffold_669_region	8290	11747	1.42	0	298
scaffold_670	47660	1252	0.03	0	8
scaffold_670_region	11977	527	0.04	0	5
scaffold_671	47645	14700	0.31	0	756
scaffold_671_region	0	0	0.00	0	0
scaffold_672	47439	12055	0.25	0	570
scaffold_672_region	15465	428	0.03	0	4
scaffold_673	47368	21214	0.45	0	736
scaffold_673_region	0	0	0.00	0	0
scaffold_674	47309	25314	0.54	0	1312
scaffold_674_region	16265	259	0.02	0	2
scaffold_675	47168	55031	1.17	0	1499
scaffold_675_region	17677	50882	2.88	0	1499
scaffold_676	47092	1088	0.02	0	35
scaffold_676_region	0	0	0.00	0	0
scaffold_677	47045	15702	0.33	0	382
scaffold_677_region	25139	15418	0.61	0	382
scaffold_678	47036	7291	0.16	0	358
scaffold_678_region	5781	6844	1.18	0	358
scaffold_679	46993	306	0.01	0	4
scaffold_679_region	0	0	0.00	0	0
scaffold_680	46845	1409	0.03	0	20
scaffold_680_region	17275	272	0.02	0	2
scaffold_681	46591	486	0.01	0	6
scaffold_681_region	20672	372	0.02	0	6
scaffold_682	46323	76694	1.66	0	738
scaffold_682_region	25131	50002	1.99	0	732
scaffold_683	46103	628	0.01	0	6
scaffold_683_region	16459	383	0.02	0	6
scaffold_684	45951	11558	0.25	0	570
scaffold_684_region	22214	11474	0.52	0	570
scaffold_685	45749	594	0.01	0	2
scaffold_685_region	19604	205	0.01	0	2
scaffold_686	45258	62133	1.37	0	127
scaffold_686_region	5823	56685	9.73	0	127
scaffold_687	44998	190	0.00	0	6
scaffold_687_region	2847	38	0.01	0	2
scaffold_689	44778	1428	0.03	0	16
scaffold_689_region	0	0	0.00	0	0
scaffold_690	44725	15400	0.34	0	610
scaffold_690_region	1154	0	0.00	0	0
scaffold_691	44566	72998	1.64	0	628
scaffold_691_region	30606	68612	2.24	0	628
scaffold_692	44552	50957	1.14	0	738
scaffold_692_region	12230	25077	2.05	0	670
scaffold_693	44466	1475	0.03	0	24
scaffold_693_region	0	0	0.00	0	0
scaffold_694	44456	22855	0.51	0	592
scaffold_694_region	19615	10991	0.56	0	552
scaffold_695	44413	12420	0.28	0	578
scaffold_695_region	12684	482	0.04	0	4
scaffold_696	44390	62957	1.42	0	1228
scaffold_696_region	27651	37745	1.37	0	1228
scaffold_697	44368	14111	0.32	0	688
scaffold_697_region	29511	519	0.02	0	4
scaffold_698	44227	25446	0.58	0	704
scaffold_698_region	14150	13803	0.98	0	704
scaffold_699	44107	437	0.01	0	5
scaffold_699_region	0	0	0.00	0	0
scaffold_700	44029	503	0.01	0	4
scaffold_700_region	0	0	0.00	0	0
scaffold_701	43881	1104	0.03	0	22
scaffold_701_region	0	0	0.00	0	0
scaffold_702	43828	1600	0.04	0	8
scaffold_702_region	22617	1410	0.06	0	5
scaffold_703	43814	2770	0.06	0	98
scaffold_703_region	0	0	0.00	0	0
scaffold_704	43763	29750	0.68	0	762
scaffold_704_region	20553	42487	2.07	0	762
scaffold_705	43707	13512	0.31	0	618
scaffold_705_region	1793	140	0.08	0	2
scaffold_706	43418	112	0.00	0	2
scaffold_706_region	3725	0	0.00	0	0
scaffold_707	43290	615	0.01	0	4
scaffold_707_region	20047	569	0.03	0	4
scaffold_708	43066	684	0.02	0	8
scaffold_708_region	19576	303	0.02	0	2
scaffold_709	42964	14236	0.33	0	662
scaffold_709_region	7372	195	0.03	0	6
scaffold_710	42928	57234	1.33	0	746
scaffold_710_region	28418	55041	1.94	0	746
scaffold_711	42888	6814	0.16	0	334
scaffold_711_region	2100	6705	3.19	0	334
scaffold_712	42839	13585	0.32	0	140
scaffold_712_region	10377	914	0.09	0	4
scaffold_713	42768	28922	0.68	0	642
scaffold_713_region	5584	12282	2.20	0	642
scaffold_714	42673	404	0.01	0	4
scaffold_714_region	20411	362	0.02	0	4
scaffold_715	42605	682	0.02	0	12
scaffold_715_region	0	0	0.00	0	0
scaffold_716	42463	11183	0.26	0	482
scaffold_716_region	17530	9200	0.52	0	482
scaffold_717	42412	5547	0.13	0	262
scaffold_717_region	8341	5195	0.62	0	262
scaffold_718	42334	672	0.02	0	8
scaffold_718_region	0	0	0.00	0	0
scaffold_719	42268	258	0.01	0	2
scaffold_719_region	4134	0	0.00	0	0
scaffold_720	42253	2845	0.07	0	13
scaffold_720_region	21148	531	0.03	0	4
scaffold_721	42180	13047	0.31	0	674
scaffold_721_region	0	0	0.00	0	0
scaffold_722	42125	34091	0.81	0	680
scaffold_722_region	22817	33828	1.48	0	680
scaffold_723	42124	168	0.00	0	2
scaffold_723_region	4960	38	0.01	0	2
scaffold_724	42087	1107	0.03	0	34
scaffold_724_region	0	0	0.00	0	0
scaffold_725	41959	365	0.01	0	4
scaffold_725_region	976	0	0.00	0	0
scaffold_726	41900	46089	1.10	0	692
scaffold_726_region	23755	59412	2.50	0	692
scaffold_727	41797	12425	0.30	0	610
scaffold_727_region	19850	505	0.03	0	4
scaffold_728	41760	1678	0.04	0	60
scaffold_728_region	0	0	0.00	0	0
scaffold_729	41738	1677	0.04	0	16
scaffold_729_region	0	0	0.00	0	0
scaffold_730	41656	23852	0.57	0	664
scaffold_730_region	25441	23814	0.94	0	664
scaffold_731	41650	1090	0.03	0	6
scaffold_731_region	1856	0	0.00	0	0
scaffold_732	41634	12435	0.30	0	480
scaffold_732_region	16041	350	0.02	0	4
scaffold_733	41615	2421	0.06	0	33
scaffold_733_region	8306	740	0.09	0	3
scaffold_734	41397	25281	0.61	0	724
scaffold_734_region	14801	25202	1.70	0	724
scaffold_735	41314	16359	0.40	0	736
scaffold_735_region	17550	628	0.04	0	4
scaffold_736	41260	13805	0.33	0	662
scaffold_736_region	24391	13409	0.55	0	662
scaffold_737	41161	39532	0.96	0	786
scaffold_737_region	13733	39364	2.87	0	786
scaffold_738	41057	25981	0.63	0	672
scaffold_738_region	17054	11815	0.69	0	612
scaffold_739	40840	5219	0.13	0	108
scaffold_739_region	0	0	0.00	0	0
scaffold_740	40649	1174	0.03	0	23
scaffold_740_region	0	0	0.00	0	0
scaffold_741	40599	267	0.01	0	4
scaffold_741_region	3189	0	0.00	0	0
scaffold_742	40488	846	0.02	0	2
scaffold_742_region	15128	895	0.06	0	2
scaffold_743	40248	44484	1.11	0	744
scaffold_743_region	21256	42480	2.00	0	744
scaffold_744	40241	103561	2.57	0	307
scaffold_744_region	0	0	0.00	0	0
scaffold_745	40233	38337	0.95	0	706
scaffold_745_region	16381	23880	1.46	0	656
scaffold_746	40001	855	0.02	0	9
scaffold_746_region	15560	261	0.02	0	2
scaffold_747	39867	1521	0.04	0	66
scaffold_747_region	8797	0	0.00	0	0
scaffold_748	39732	230	0.01	0	4
scaffold_748_region	194	0	0.00	0	0
scaffold_749	39539	12390	0.31	0	628
scaffold_749_region	17037	12390	0.73	0	628
scaffold_750	39315	285	0.01	0	2
scaffold_750_region	0	0	0.00	0	0
scaffold_751	39313	2604	0.07	0	96
scaffold_751_region	0	0	0.00	0	0
scaffold_752	39242	17469	0.45	0	704
scaffold_752_region	13041	308	0.02	0	2
scaffold_753	39230	153	0.00	0	5
scaffold_753_region	0	0	0.00	0	0
scaffold_754	39102	1344	0.03	0	10
scaffold_754_region	7437	0	0.00	0	0
scaffold_755	38996	154	0.00	0	6
scaffold_755_region	0	0	0.00	0	0
scaffold_756	38967	340	0.01	0	2
scaffold_756_region	5774	91	0.02	0	2
scaffold_757	38937	78	0.00	0	2
scaffold_757_region	8539	0	0.00	0	0
scaffold_758	38931	659	0.02	0	2
scaffold_758_region	20461	220	0.01	0	2
scaffold_759	38906	331	0.01	0	4
scaffold_759_region	3547	0	0.00	0	0
scaffold_760	38725	307	0.01	0	2
scaffold_760_region	0	0	0.00	0	0
scaffold_761	38706	51786	1.34	0	594
scaffold_761_region	0	0	0.00	0	0
scaffold_762	38537	37010	0.96	0	716
scaffold_762_region	14595	22953	1.57	0	696
scaffold_763	38506	14966	0.39	0	766
scaffold_763_region	2824	18	0.01	0	2
scaffold_764	38398	25195	0.66	0	686
scaffold_764_region	14564	228	0.02	0	4
scaffold_765	38288	460	0.01	0	2
scaffold_765_region	0	0	0.00	0	0
scaffold_766	38208	612	0.02	0	16
scaffold_766_region	0	0	0.00	0	0
scaffold_767	38145	13796	0.36	0	702
scaffold_767_region	8940	215	0.02	0	4
scaffold_768	38096	474	0.01	0	8
scaffold_768_region	0	0	0.00	0	0
scaffold_769	37965	14231	0.37	0	650
scaffold_769_region	7010	12452	1.78	0	650
scaffold_770	37681	950	0.03	0	12
scaffold_770_region	0	0	0.00	0	0
scaffold_771	37589	72363	1.93	0	1250
scaffold_771_region	23676	60650	2.56	0	1250
scaffold_772	37583	238	0.01	0	4
scaffold_772_region	1518	76	0.05	0	4
scaffold_773	37411	9017	0.24	0	434
scaffold_773_region	12315	8848	0.72	0	434
scaffold_774	37193	13081	0.35	0	606
scaffold_774_region	20919	12950	0.62	0	606
scaffold_775	37139	10464	0.28	0	544
scaffold_775_region	0	0	0.00	0	0
scaffold_776	37023	10933	0.30	0	374
scaffold_776_region	1593	3746	2.35	0	194
scaffold_777	37012	42	0.00	0	2
scaffold_777_region	257	0	0.00	0	0
scaffold_778	36820	250	0.01	0	4
scaffold_778_region	12710	98	0.01	0	2
scaffold_779	36643	213	0.01	0	3
scaffold_779_region	0	0	0.00	0	0
scaffold_780	36625	335	0.01	0	3
scaffold_780_region	0	0	0.00	0	0
scaffold_781	36623	17206	0.47	0	822
scaffold_781_region	7986	16912	2.12	0	822
scaffold_782	36558	16965	0.46	0	632
scaffold_782_region	10035	194	0.02	0	2
scaffold_783	36539	933	0.03	0	4
scaffold_783_region	7560	456	0.06	0	2
scaffold_784	36487	647	0.02	0	20
scaffold_784_region	0	0	0.00	0	0
scaffold_785	36465	1704	0.05	0	62
scaffold_785_region	0	0	0.00	0	0
scaffold_786	36332	12351	0.34	0	568
scaffold_786_region	26591	11161	0.42	0	568
scaffold_787	36177	12225	0.34	0	556
scaffold_787_region	5545	12225	2.20	0	556
scaffold_788	36169	35978	0.99	0	644
scaffold_788_region	6643	24083	3.63	0	644
scaffold_789	36158	30496	0.84	0	1372
scaffold_789_region	12203	26237	2.15	0	1372
scaffold_790	36132	91	0.00	0	2
scaffold_790_region	0	0	0.00	0	0
scaffold_791	36094	25643	0.71	0	610
scaffold_791_region	13481	25523	1.89	0	610
scaffold_792	36060	284	0.01	0	4
scaffold_792_region	8794	0	0.00	0	0
scaffold_793	35965	71	0.00	0	1
scaffold_793_region	2680	0	0.00	0	0
scaffold_794	35924	12762	0.36	0	332
scaffold_794_region	1553	12527	8.07	0	332
scaffold_795	35910	643	0.02	0	3
scaffold_795_region	7365	157	0.02	0	2
scaffold_796	35388	886	0.03	0	6
scaffold_796_region	2638	0	0.00	0	0
scaffold_797	35042	2347	0.07	0	32
scaffold_797_region	0	0	0.00	0	0
scaffold_798	35032	76	0.00	0	4
scaffold_798_region	0	0	0.00	0	0
scaffold_799	34768	42945	1.24	0	306
scaffold_799_region	5648	25457	4.51	0	306
scaffold_800	34736	3363	0.10	0	118
scaffold_800_region	0	0	0.00	0	0
scaffold_801	34640	5454	0.16	0	274
scaffold_801_region	6374	5285	0.83	0	274
scaffold_802	34407	622	0.02	0	6
scaffold_802_region	19554	504	0.03	0	6
scaffold_803	34354	170	0.00	0	4
scaffold_803_region	0	0	0.00	0	0
scaffold_804	34302	12844	0.37	0	636
scaffold_804_region	20533	745	0.04	0	4
scaffold_805	34299	1206	0.04	0	4
scaffold_805_region	4384	1012	0.23	0	4
scaffold_806	34060	164	0.00	0	4
scaffold_806_region	0	0	0.00	0	0
scaffold_807	34046	80	0.00	0	2
scaffold_807_region	14900	80	0.01	0	2
scaffold_808	34026	271	0.01	0	2
scaffold_808_region	0	0	0.00	0	0
scaffold_809	34016	10687	0.31	0	546
scaffold_809_region	491	0	0.00	0	0
scaffold_810	33915	13222	0.39	0	652
scaffold_810_region	0	0	0.00	0	0
scaffold_811	33861	8032	0.24	0	392
scaffold_811_region	9989	7930	0.79	0	392
scaffold_812	33829	605	0.02	0	4
scaffold_812_region	3235	453	0.14	0	4
scaffold_813	33771	17116	0.51	0	766
scaffold_813_region	5910	16438	2.78	0	766
scaffold_814	33755	27358	0.81	0	378
scaffold_814_region	11018	23483	2.13	0	378
scaffold_815	33660	7547	0.22	0	356
scaffold_815_region	0	0	0.00	0	0
scaffold_816	33643	766	0.02	0	2
scaffold_816_region	15387	428	0.03	0	2
scaffold_817	33589	94	0.00	0	2
scaffold_817_region	0	0	0.00	0	0
scaffold_818	33539	143	0.00	0	2
scaffold_818_region	5842	64	0.01	0	2
scaffold_819	33515	51895	1.55	0	678
scaffold_819_region	17217	28948	1.68	0	678
scaffold_820	33365	70	0.00	0	2
scaffold_820_region	0	0	0.00	0	0
scaffold_821	33355	2682	0.08	0	76
scaffold_821_region	0	0	0.00	0	0
scaffold_822	33329	411	0.01	0	4
scaffold_822_region	5067	40	0.01	0	2
scaffold_823	33173	32297	0.97	0	1680
scaffold_823_region	1887	31978	16.95	0	1680
scaffold_824	33047	163	0.00	0	4
scaffold_824_region	0	0	0.00	0	0
scaffold_825	33046	186	0.01	0	2
scaffold_825_region	0	0	0.00	0	0
scaffold_826	33044	307	0.01	0	4
scaffold_826_region	872	0	0.00	0	0
scaffold_827	32933	573	0.02	0	4
scaffold_827_region	0	0	0.00	0	0
scaffold_829	32834	1821766	55.48	0	736
scaffold_829_region	6021	796902	132.35	0	360
scaffold_830	32786	38	0.00	0	2
scaffold_830_region	0	0	0.00	0	0
scaffold_831	32368	5628	0.17	0	288
scaffold_831_region	4736	5628	1.19	0	288
scaffold_832	32321	76	0.00	0	2
scaffold_832_region	6689	38	0.01	0	2
scaffold_833	32170	24350	0.76	0	608
scaffold_833_region	7653	12668	1.66	0	348
scaffold_834	32049	747	0.02	0	3
scaffold_834_region	4942	652	0.13	0	2
scaffold_835	31892	532	0.02	0	24
scaffold_835_region	0	0	0.00	0	0
scaffold_836	31821	657	0.02	0	2
scaffold_836_region	11962	581	0.05	0	2
scaffold_837	31812	16814	0.53	0	293
scaffold_837_region	21170	16519	0.78	0	293
scaffold_839	31184	75216	2.41	0	252
scaffold_839_region	0	0	0.00	0	0
scaffold_840	31177	318	0.01	0	4
scaffold_840_region	12178	194	0.02	0	4
scaffold_841	31171	1771	0.06	0	54
scaffold_841_region	0	0	0.00	0	0
scaffold_842	31036	396	0.01	0	14
scaffold_842_region	0	0	0.00	0	0
scaffold_843	31011	525	0.02	0	10
scaffold_843_region	7898	38	0.00	0	2
scaffold_844	30783	1412	0.05	0	25
scaffold_844_region	5524	537	0.10	0	25
scaffold_845	30711	34176	1.11	0	614
scaffold_845_region	4019	23427	5.83	0	614
scaffold_846	30645	153	0.00	0	4
scaffold_846_region	0	0	0.00	0	0
scaffold_847	30644	186	0.01	0	4
scaffold_847_region	3097	0	0.00	0	0
scaffold_848	30606	284	0.01	0	6
scaffold_848_region	0	0	0.00	0	0
scaffold_849	30576	1808	0.06	0	16
scaffold_849_region	1987	0	0.00	0	0
scaffold_850	30409	735	0.02	0	4
scaffold_850_region	19492	659	0.03	0	4
scaffold_851	30360	308368	10.16	0	405
scaffold_851_region	8176	7225	0.88	0	310
scaffold_852	30290	231	0.01	0	4
scaffold_852_region	8774	114	0.01	0	2
scaffold_853	30225	390	0.01	0	4
scaffold_853_region	3193	127	0.04	0	2
scaffold_854	30155	1340	0.04	0	18
scaffold_854_region	0	0	0.00	0	0
scaffold_855	30045	25569	0.85	0	662
scaffold_855_region	6529	36806	5.64	0	662
scaffold_856	30008	427	0.01	0	2
scaffold_856_region	7616	146	0.02	0	2
scaffold_857	29997	45890	1.53	0	207
scaffold_857_region	3458	0	0.00	0	0
scaffold_858	29950	1057	0.04	0	5
scaffold_858_region	14162	670	0.05	0	2
scaffold_859	29897	376	0.01	0	4
scaffold_859_region	6151	118	0.02	0	3
scaffold_860	29890	976	0.03	0	4
scaffold_860_region	4768	603	0.13	0	4
scaffold_861	29867	504	0.02	0	14
scaffold_861_region	3643	62	0.02	0	2
scaffold_863	29814	86	0.00	0	2
scaffold_863_region	0	0	0.00	0	0
scaffold_864	29774	230	0.01	0	4
scaffold_864_region	7110	38	0.01	0	2
scaffold_865	29665	76	0.00	0	2
scaffold_865_region	0	0	0.00	0	0
scaffold_866	29649	1709593	57.66	0	770
scaffold_866_region	3242	792133	244.33	0	770
scaffold_867	29560	3480	0.12	0	158
scaffold_867_region	10569	40	0.00	0	2
scaffold_868	29352	274	0.01	0	2
scaffold_868_region	13766	156	0.01	0	2
scaffold_869	29342	246562	8.40	0	391
scaffold_869_region	0	0	0.00	0	0
scaffold_870	29303	1420	0.05	0	8
scaffold_870_region	10902	1342	0.12	0	8
scaffold_871	29276	14377	0.49	0	644
scaffold_871_region	18200	12680	0.70	0	644
scaffold_872	29154	3007	0.10	0	124
scaffold_872_region	8897	122	0.01	0	2
scaffold_873	29118	414	0.01	0	4
scaffold_873_region	10718	120	0.01	0	4
scaffold_874	29069	210	0.01	0	4
scaffold_874_region	0	0	0.00	0	0
scaffold_875	29052	126	0.00	0	2
scaffold_875_region	0	0	0.00	0	0
scaffold_876	28869	269	0.01	0	2
scaffold_876_region	0	0	0.00	0	0
scaffold_877	28763	270	0.01	0	10
scaffold_877_region	5078	0	0.00	0	0
scaffold_878	28710	154	0.01	0	4
scaffold_878_region	0	0	0.00	0	0
scaffold_879	28632	400	0.01	0	4
scaffold_879_region	0	0	0.00	0	0
scaffold_880	28632	16501	0.58	0	716
scaffold_880_region	8511	1266	0.15	0	40
scaffold_881	28472	6565	0.23	0	324
scaffold_881_region	8709	306	0.04	0	6
scaffold_882	28439	10040	0.35	0	516
scaffold_882_region	0	0	0.00	0	0
scaffold_883	28393	532	0.02	0	28
scaffold_883_region	0	0	0.00	0	0
scaffold_884	28380	5444	0.19	0	270
scaffold_884_region	7543	10378	1.38	0	270
scaffold_885	28341	6947	0.25	0	362
scaffold_885_region	0	0	0.00	0	0
scaffold_886	28321	44	0.00	0	2
scaffold_886_region	0	0	0.00	0	0
scaffold_887	28254	38	0.00	0	2
scaffold_887_region	0	0	0.00	0	0
scaffold_888	28175	605	0.02	0	4
scaffold_888_region	0	0	0.00	0	0
scaffold_889	28165	192	0.01	0	6
scaffold_889_region	0	0	0.00	0	0
scaffold_890	28132	12152	0.43	0	326
scaffold_890_region	7139	11830	1.66	0	326
scaffold_891	28003	82	0.00	0	2
scaffold_891_region	0	0	0.00	0	0
scaffold_892	27938	30704	1.10	0	764
scaffold_892_region	11643	27400	2.35	0	764
scaffold_893	27918	10096	0.36	0	470
scaffold_893_region	281	0	0.00	0	0
scaffold_895	27911	190	0.01	0	4
scaffold_895_region	0	0	0.00	0	0
scaffold_896	27836	536	0.02	0	16
scaffold_896_region	0	0	0.00	0	0
scaffold_897	27792	480	0.02	0	3
scaffold_897_region	3478	266	0.08	0	3
scaffold_898	27724	12351	0.45	0	580
scaffold_898_region	0	0	0.00	0	0
scaffold_899	27672	1640	0.06	0	42
scaffold_899_region	0	0	0.00	0	0
scaffold_900	27563	7321	0.27	0	360
scaffold_900_region	0	0	0.00	0	0
scaffold_901	27561	560	0.02	0	4
scaffold_901_region	15279	440	0.03	0	4
scaffold_902	27517	22556	0.82	0	622
scaffold_902_region	15662	10691	0.68	0	520
scaffold_903	27457	7643	0.28	0	332
scaffold_903_region	2176	0	0.00	0	0
scaffold_905	27393	116	0.00	0	6
scaffold_905_region	0	0	0.00	0	0
scaffold_906	27386	242	0.01	0	4
scaffold_906_region	0	0	0.00	0	0
scaffold_907	27227	136	0.00	0	4
scaffold_907_region	0	0	0.00	0	0
scaffold_908	27107	4947	0.18	0	184
scaffold_908_region	12514	1270	0.10	0	4
scaffold_909	26993	5234	0.19	0	264
scaffold_909_region	8066	5024	0.62	0	264
scaffold_910	26844	233	0.01	0	6
scaffold_910_region	1294	0	0.00	0	0
scaffold_911	26829	1553	0.06	0	28
scaffold_911_region	4104	0	0.00	0	0
scaffold_912	26761	923	0.03	0	5
scaffold_912_region	4914	220	0.04	0	2
scaffold_913	26740	2727	0.10	0	114
scaffold_913_region	0	0	0.00	0	0
scaffold_914	26597	301	0.01	0	4
scaffold_914_region	0	0	0.00	0	0
scaffold_915	26570	152	0.01	0	2
scaffold_915_region	0	0	0.00	0	0
scaffold_916	26455	993	0.04	0	3
scaffold_916_region	787	0	0.00	0	0
scaffold_917	26362	453	0.02	0	8
scaffold_917_region	8580	76	0.01	0	2
scaffold_919	26138	114	0.00	0	4
scaffold_919_region	4815	0	0.00	0	0
scaffold_920	26125	416	0.02	0	6
scaffold_920_region	0	0	0.00	0	0
scaffold_921	26021	249	0.01	0	6
scaffold_921_region	0	0	0.00	0	0
scaffold_922	25978	458	0.02	0	2
scaffold_922_region	7436	144	0.02	0	2
scaffold_923	25828	12613	0.49	0	640
scaffold_923_region	3462	277	0.08	0	2
scaffold_924	25807	100	0.00	0	2
scaffold_924_region	0	0	0.00	0	0
scaffold_925	25788	5362	0.21	0	266
scaffold_925_region	0	0	0.00	0	0
scaffold_926	25736	266	0.01	0	4
scaffold_926_region	0	0	0.00	0	0
scaffold_927	25627	149	0.01	0	2
scaffold_927_region	0	0	0.00	0	0
scaffold_928	25607	258	0.01	0	10
scaffold_928_region	0	0	0.00	0	0
scaffold_929	25592	38	0.00	0	2
scaffold_929_region	0	0	0.00	0	0
scaffold_930	25454	36912	1.45	0	702
scaffold_930_region	12736	36834	2.89	0	702
scaffold_931	25389	156	0.01	0	2
scaffold_931_region	0	0	0.00	0	0
scaffold_932	25364	46	0.00	0	2
scaffold_932_region	1075	0	0.00	0	0
scaffold_933	25295	30978	1.22	0	582
scaffold_933_region	12728	27974	2.20	0	582
scaffold_934	25238	158	0.01	0	6
scaffold_934_region	0	0	0.00	0	0
scaffold_935	25051	919	0.04	0	10
scaffold_935_region	2357	0	0.00	0	0
scaffold_936	25045	760	0.03	0	30
scaffold_936_region	8740	76	0.01	0	2
scaffold_937	24930	6578	0.26	0	266
scaffold_937_region	5629	400	0.07	0	2
scaffold_938	24918	153	0.01	0	4
scaffold_938_region	0	0	0.00	0	0
scaffold_939	24868	1043	0.04	0	48
scaffold_939_region	3206	0	0.00	0	0
scaffold_940	24840	7395	0.30	0	322
scaffold_940_region	15825	7395	0.47	0	322
scaffold_942	24731	183	0.01	0	2
scaffold_942_region	0	0	0.00	0	0
scaffold_943	24699	150	0.01	0	2
scaffold_943_region	0	0	0.00	0	0
scaffold_944	24646	748	0.03	0	10
scaffold_944_region	0	0	0.00	0	0
scaffold_945	24635	1649	0.07	0	13
scaffold_945_region	0	0	0.00	0	0
scaffold_946	24631	6067	0.25	0	280
scaffold_946_region	0	0	0.00	0	0
scaffold_947	24541	214	0.01	0	4
scaffold_947_region	6206	38	0.01	0	2
scaffold_948	24449	38	0.00	0	2
scaffold_948_region	247	0	0.00	0	0
scaffold_949	24438	212	0.01	0	4
scaffold_949_region	8838	0	0.00	0	0
scaffold_950	24330	45290	1.86	0	145
scaffold_950_region	8969	41094	4.58	0	145
scaffold_951	24314	38	0.00	0	2
scaffold_951_region	0	0	0.00	0	0
scaffold_952	24293	8376	0.34	0	336
scaffold_952_region	0	0	0.00	0	0
scaffold_953	24161	271	0.01	0	2
scaffold_953_region	0	0	0.00	0	0
scaffold_954	24111	11109	0.46	0	302
scaffold_954_region	8761	11033	1.26	0	302
scaffold_955	24108	40054	1.66	0	716
scaffold_955_region	16077	27126	1.69	0	716
scaffold_956	24083	101	0.00	0	2
scaffold_956_region	0	0	0.00	0	0
scaffold_957	24066	5053	0.21	0	76
scaffold_957_region	0	0	0.00	0	0
scaffold_959	24006	2256	0.09	0	88
scaffold_959_region	0	0	0.00	0	0
scaffold_961	23667	128	0.01	0	2
scaffold_961_region	0	0	0.00	0	0
scaffold_962	23666	4991	0.21	0	46
scaffold_962_region	656	0	0.00	0	0
scaffold_963	23636	1286	0.05	0	24
scaffold_963_region	188	0	0.00	0	0
scaffold_964	23604	231	0.01	0	4
scaffold_964_region	0	0	0.00	0	0
scaffold_965	23466	129	0.01	0	4
scaffold_965_region	3600	0	0.00	0	0
scaffold_966	23428	322	0.01	0	2
scaffold_966_region	0	0	0.00	0	0
scaffold_967	23328	11563	0.50	0	604
scaffold_967_region	9551	11563	1.21	0	604
scaffold_968	23236	584	0.03	0	14
scaffold_968_region	0	0	0.00	0	0
scaffold_969	23228	2319	0.10	0	118
scaffold_969_region	0	0	0.00	0	0
scaffold_970	22878	50	0.00	0	2
scaffold_970_region	354	0	0.00	0	0
scaffold_971	22758	127003	5.58	0	436
scaffold_971_region	621	0	0.00	0	0
scaffold_972	22661	154	0.01	0	6
scaffold_972_region	0	0	0.00	0	0
scaffold_973	22629	49	0.00	0	2
scaffold_973_region	0	0	0.00	0	0
scaffold_974	22629	86	0.00	0	1
scaffold_974_region	0	0	0.00	0	0
scaffold_975	22493	78	0.00	0	2
scaffold_975_region	0	0	0.00	0	0
scaffold_976	22448	15584	0.69	0	644
scaffold_976_region	1050	0	0.00	0	0
scaffold_977	22441	92	0.00	0	2
scaffold_977_region	0	0	0.00	0	0
scaffold_978	22359	6718	0.30	0	320
scaffold_978_region	8103	13436	1.66	0	320
scaffold_979	22312	76	0.00	0	2
scaffold_979_region	7108	38	0.01	0	2
scaffold_980	22254	24615	1.11	0	250
scaffold_980_region	1759	9328	5.30	0	119
scaffold_981	22143	168	0.01	0	2
scaffold_981_region	10150	38	0.00	0	2
scaffold_982	22037	1144	0.05	0	11
scaffold_982_region	8104	164	0.02	0	2
scaffold_983	21871	2210	0.10	0	16
scaffold_983_region	0	0	0.00	0	0
scaffold_984	21824	1599	0.07	0	8
scaffold_984_region	1979	1237	0.63	0	5
scaffold_985	21783	76	0.00	0	2
scaffold_985_region	0	0	0.00	0	0
scaffold_986	21776	240	0.01	0	4
scaffold_986_region	0	0	0.00	0	0
scaffold_987	21596	3118	0.14	0	164
scaffold_987_region	2693	0	0.00	0	0
scaffold_989	21472	26818	1.25	0	876
scaffold_989_region	8843	26628	3.01	0	876
scaffold_990	21449	263	0.01	0	3
scaffold_990_region	0	0	0.00	0	0
scaffold_991	21322	320	0.02	0	4
scaffold_991_region	3196	0	0.00	0	0
scaffold_992	21300	180	0.01	0	4
scaffold_992_region	0	0	0.00	0	0
scaffold_993	21227	116	0.01	0	2
scaffold_993_region	0	0	0.00	0	0
scaffold_994	21162	2308	0.11	0	6
scaffold_994_region	1993	2011	1.01	0	6
scaffold_995	21039	4689	0.22	0	29
scaffold_995_region	0	0	0.00	0	0
scaffold_996	20892	83	0.00	0	2
scaffold_996_region	794	0	0.00	0	0
scaffold_997	20832	40	0.00	0	2
scaffold_997_region	4431	0	0.00	0	0
scaffold_998	20761	1209	0.06	0	13
scaffold_998_region	336	0	0.00	0	0
scaffold_999	20678	320	0.02	0	6
scaffold_999_region	0	0	0.00	0	0
scaffold_1000	20671	38	0.00	0	2
scaffold_1000_region	0	0	0.00	0	0
scaffold_1001	20655	208	0.01	0	6
scaffold_1001_region	0	0	0.00	0	0
scaffold_1002	20591	3389	0.16	0	60
scaffold_1002_region	0	0	0.00	0	0
scaffold_1003	20571	1025	0.05	0	4
scaffold_1003_region	2781	142	0.05	0	2
scaffold_1004	20534	11769	0.57	0	576
scaffold_1004_region	7235	11248	1.55	0	576
scaffold_1005	20509	65	0.00	0	1
scaffold_1005_region	0	0	0.00	0	0
scaffold_1006	20416	1091	0.05	0	5
scaffold_1006_region	6870	414	0.06	0	4
scaffold_1007	20345	160	0.01	0	4
scaffold_1007_region	10278	38	0.00	0	2
scaffold_1008	20295	363	0.02	0	3
scaffold_1008_region	0	0	0.00	0	0
scaffold_1009	20205	345	0.02	0	4
scaffold_1009_region	288	96	0.33	0	2
scaffold_1010	20140	38	0.00	0	2
scaffold_1010_region	0	0	0.00	0	0
scaffold_1011	20126	25342	1.26	0	142
scaffold_1011_region	2188	14133	6.46	0	110
scaffold_1012	20106	1706	0.08	0	7
scaffold_1012_region	8825	3412	0.39	0	7
scaffold_1013	20051	20379	1.02	0	574
scaffold_1013_region	6910	6457	0.93	0	336
scaffold_1014	20030	7414	0.37	0	380
scaffold_1014_region	7064	7366	1.04	0	380
scaffold_1015	20018	743	0.04	0	4
scaffold_1015_region	5769	106	0.02	0	2
scaffold_1016	20012	6165	0.31	0	286
scaffold_1016_region	4286	5685	1.33	0	286
scaffold_1017	19992	11660	0.58	0	604
scaffold_1017_region	0	0	0.00	0	0
scaffold_1018	19970	826	0.04	0	12
scaffold_1018_region	1752	0	0.00	0	0
scaffold_1019	19963	28471	1.43	0	772
scaffold_1019_region	10397	28244	2.72	0	772
scaffold_1020	19931	476	0.02	0	10
scaffold_1020_region	0	0	0.00	0	0
scaffold_1021	19911	638	0.03	0	4
scaffold_1021_region	4910	76	0.02	0	4
scaffold_1022	19903	69785	3.51	0	1911
scaffold_1022_region	0	0	0.00	0	0
scaffold_1023	19899	10342	0.52	0	510
scaffold_1023_region	0	0	0.00	0	0
scaffold_1024	19776	574	0.03	0	4
scaffold_1024_region	0	0	0.00	0	0
scaffold_1025	19746	283	0.01	0	3
scaffold_1025_region	0	0	0.00	0	0
scaffold_1026	19725	1105	0.06	0	23
scaffold_1026_region	956	0	0.00	0	0
scaffold_1027	19662	200	0.01	0	10
scaffold_1027_region	7808	0	0.00	0	0
scaffold_1028	19641	364	0.02	0	4
scaffold_1028_region	10717	364	0.03	0	4
scaffold_1029	19620	6974	0.36	0	336
scaffold_1029_region	7904	6849	0.87	0	336
scaffold_1030	19506	1257	0.06	0	28
scaffold_1030_region	0	0	0.00	0	0
scaffold_1031	19434	8683	0.45	0	446
scaffold_1031_region	7470	125	0.02	0	2
scaffold_1033	19350	216	0.01	0	2
scaffold_1033_region	1304	0	0.00	0	0
scaffold_1034	19321	5679	0.29	0	294
scaffold_1034_region	0	0	0.00	0	0
scaffold_1035	19298	38	0.00	0	2
scaffold_1035_region	967	0	0.00	0	0
scaffold_1036	19294	13005	0.67	0	552
scaffold_1036_region	4676	10588	2.26	0	552
scaffold_1037	19274	1199	0.06	0	24
scaffold_1037_region	754	38	0.05	0	2
scaffold_1038	19274	10987	0.57	0	332
scaffold_1038_region	0	0	0.00	0	0
scaffold_1039	19243	78	0.00	0	2
scaffold_1039_region	6904	38	0.01	0	2
scaffold_1040	19193	132	0.01	0	2
scaffold_1040_region	0	0	0.00	0	0
scaffold_1041	19182	76	0.00	0	2
scaffold_1041_region	0	0	0.00	0	0
scaffold_1042	19139	2287	0.12	0	70
scaffold_1042_region	1243	714	0.57	0	14
scaffold_1043	19008	82	0.00	0	2
scaffold_1043_region	0	0	0.00	0	0
scaffold_1044	18930	196	0.01	0	6
scaffold_1044_region	2327	78	0.03	0	2
scaffold_1045	18882	76	0.00	0	2
scaffold_1045_region	1546	0	0.00	0	0
scaffold_1046	18828	54	0.00	0	2
scaffold_1046_region	0	0	0.00	0	0
scaffold_1047	18763	137	0.01	0	2
scaffold_1047_region	0	0	0.00	0	0
scaffold_1048	18760	89	0.00	0	2
scaffold_1048_region	1315	0	0.00	0	0
scaffold_1049	18753	84	0.00	0	2
scaffold_1049_region	0	0	0.00	0	0
scaffold_1050	18701	310	0.02	0	4
scaffold_1050_region	0	0	0.00	0	0
scaffold_1051	18690	154	0.01	0	4
scaffold_1051_region	0	0	0.00	0	0
scaffold_1053	18635	64	0.00	0	2
scaffold_1053_region	2953	0	0.00	0	0
scaffold_1054	18610	38	0.00	0	2
scaffold_1054_region	0	0	0.00	0	0
scaffold_1055	18592	126	0.01	0	2
scaffold_1055_region	1448	0	0.00	0	0
scaffold_1056	18576	11240	0.61	0	582
scaffold_1056_region	2279	0	0.00	0	0
scaffold_1057	18555	240	0.01	0	12
scaffold_1057_region	0	0	0.00	0	0
scaffold_1058	18544	40	0.00	0	2
scaffold_1058_region	1354	0	0.00	0	0
scaffold_1059	18532	40	0.00	0	2
scaffold_1059_region	7915	0	0.00	0	0
scaffold_1060	18503	172	0.01	0	2
scaffold_1060_region	0	0	0.00	0	0
scaffold_1062	18450	122	0.01	0	4
scaffold_1062_region	0	0	0.00	0	0
scaffold_1063	18310	46	0.00	0	2
scaffold_1063_region	0	0	0.00	0	0
scaffold_1065	18279	38	0.00	0	2
scaffold_1065_region	0	0	0.00	0	0
scaffold_1066	18243	17690	0.97	0	368
scaffold_1066_region	2691	10268	3.82	0	280
scaffold_1067	18197	558	0.03	0	4
scaffold_1067_region	4760	38	0.01	0	2
scaffold_1068	18185	5418	0.30	0	256
scaffold_1068_region	8419	498	0.06	0	2
scaffold_1069	18152	190	0.01	0	2
scaffold_1069_region	0	0	0.00	0	0
scaffold_1070	18121	325	0.02	0	8
scaffold_1070_region	3763	0	0.00	0	0
scaffold_1071	18118	1181	0.07	0	8
scaffold_1071_region	4004	38	0.01	0	2
scaffold_1072	18111	8506	0.47	0	186
scaffold_1072_region	406	0	0.00	0	0
scaffold_1073	18096	268	0.01	0	14
scaffold_1073_region	0	0	0.00	0	0
scaffold_1074	18090	38	0.00	0	2
scaffold_1074_region	0	0	0.00	0	0
scaffold_1075	18058	13704	0.76	0	694
scaffold_1075_region	10554	13484	1.28	0	694
scaffold_1076	18005	38	0.00	0	2
scaffold_1076_region	0	0	0.00	0	0
scaffold_1077	17973	938	0.05	0	6
scaffold_1077_region	0	0	0.00	0	0
scaffold_1078	17881	5736	0.32	0	276
scaffold_1078_region	12557	5736	0.46	0	276
scaffold_1079	17869	1583	0.09	0	6
scaffold_1079_region	2538	0	0.00	0	0
scaffold_1080	17839	76	0.00	0	4
scaffold_1080_region	5894	76	0.01	0	4
scaffold_1081	17811	144	0.01	0	4
scaffold_1081_region	1889	0	0.00	0	0
scaffold_1082	17793	288	0.02	0	3
scaffold_1082_region	0	0	0.00	0	0
scaffold_1083	17739	356	0.02	0	4
scaffold_1083_region	3700	141	0.04	0	4
scaffold_1084	17732	225	0.01	0	2
scaffold_1084_region	2298	225	0.10	0	2
scaffold_1085	17646	80	0.00	0	4
scaffold_1085_region	0	0	0.00	0	0
scaffold_1086	17645	470	0.03	0	2
scaffold_1086_region	0	0	0.00	0	0
scaffold_1087	17415	1220	0.07	0	4
scaffold_1087_region	622	94	0.15	0	2
scaffold_1089	17388	38	0.00	0	2
scaffold_1089_region	0	0	0.00	0	0
scaffold_1090	17388	134	0.01	0	4
scaffold_1090_region	5707	134	0.02	0	4
scaffold_1091	17375	965	0.06	0	5
scaffold_1091_region	3181	0	0.00	0	0
scaffold_1092	17362	78	0.00	0	2
scaffold_1092_region	0	0	0.00	0	0
scaffold_1093	17362	1284	0.07	0	4
scaffold_1093_region	6919	143	0.02	0	2
scaffold_1094	17338	695	0.04	0	18
scaffold_1094_region	0	0	0.00	0	0
scaffold_1095	17308	3199	0.18	0	162
scaffold_1095_region	0	0	0.00	0	0
scaffold_1097	17266	498	0.03	0	4
scaffold_1097_region	3786	76	0.02	0	4
scaffold_1098	17207	82	0.00	0	2
scaffold_1098_region	0	0	0.00	0	0
scaffold_1099	17204	59	0.00	0	2
scaffold_1099_region	0	0	0.00	0	0
scaffold_1100	17150	3232	0.19	0	168
scaffold_1100_region	0	0	0.00	0	0
scaffold_1101	17133	38	0.00	0	2
scaffold_1101_region	0	0	0.00	0	0
scaffold_1102	17116	300	0.02	0	2
scaffold_1102_region	0	0	0.00	0	0
scaffold_1103	17112	53	0.00	0	2
scaffold_1103_region	0	0	0.00	0	0
scaffold_1104	17076	91	0.01	0	2
scaffold_1104_region	0	0	0.00	0	0
scaffold_1105	17053	274	0.02	0	2
scaffold_1105_region	1388	0	0.00	0	0
scaffold_1106	17003	6444	0.38	0	322
scaffold_1106_region	7830	12626	1.61	0	322
scaffold_1107	16958	201	0.01	0	4
scaffold_1107_region	12686	157	0.01	0	4
scaffold_1109	16831	216	0.01	0	4
scaffold_1109_region	5254	0	0.00	0	0
scaffold_1110	16809	82	0.00	0	1
scaffold_1110_region	8613	0	0.00	0	0
scaffold_1111	16800	98	0.01	0	1
scaffold_1111_region	3043	0	0.00	0	0
scaffold_1112	16762	15764	0.94	0	677
scaffold_1112_region	9063	38	0.00	0	2
scaffold_1113	16757	85	0.01	0	2
scaffold_1113_region	5104	0	0.00	0	0
scaffold_1114	16649	941	0.06	0	16
scaffold_1114_region	1348	0	0.00	0	0
scaffold_1115	16606	9132	0.55	0	164
scaffold_1115_region	2691	0	0.00	0	0
scaffold_1117	16579	296	0.02	0	6
scaffold_1117_region	4461	119	0.03	0	2
scaffold_1118	16571	5129	0.31	0	254
scaffold_1118_region	8672	4982	0.57	0	254
scaffold_1119	16523	538	0.03	0	28
scaffold_1119_region	0	0	0.00	0	0
scaffold_1120	16517	2022	0.12	0	92
scaffold_1120_region	0	0	0.00	0	0
scaffold_1121	16478	11037	0.67	0	330
scaffold_1121_region	6579	10881	1.65	0	330
scaffold_1122	16463	1952	0.12	0	92
scaffold_1122_region	0	0	0.00	0	0
scaffold_1123	16456	94	0.01	0	2
scaffold_1123_region	0	0	0.00	0	0
scaffold_1124	16453	208	0.01	0	2
scaffold_1124_region	0	0	0.00	0	0
scaffold_1125	16387	291	0.02	0	4
scaffold_1125_region	9903	272	0.03	0	2
scaffold_1126	16365	1857	0.11	0	32
scaffold_1126_region	0	0	0.00	0	0
scaffold_1127	16253	38	0.00	0	2
scaffold_1127_region	0	0	0.00	0	0
scaffold_1128	16236	52	0.00	0	2
scaffold_1128_region	0	0	0.00	0	0
scaffold_1129	16129	212	0.01	0	2
scaffold_1129_region	0	0	0.00	0	0
scaffold_1130	16111	12297	0.76	0	578
scaffold_1130_region	0	0	0.00	0	0
scaffold_1131	16103	391	0.02	0	5
scaffold_1131_region	722	0	0.00	0	0
scaffold_1132	16071	13184	0.82	0	638
scaffold_1132_region	5097	12217	2.40	0	638
scaffold_1133	16038	96	0.01	0	2
scaffold_1133_region	0	0	0.00	0	0
scaffold_1134	16003	402	0.03	0	2
scaffold_1134_region	9493	219	0.02	0	2
scaffold_1135	15996	154	0.01	0	4
scaffold_1135_region	0	0	0.00	0	0
scaffold_1136	15988	17219	1.08	0	564
scaffold_1136_region	10430	16693	1.60	0	564
scaffold_1137	15984	76	0.00	0	4
scaffold_1137_region	6914	76	0.01	0	4
scaffold_1138	15966	396	0.02	0	3
scaffold_1138_region	8337	182	0.02	0	3
scaffold_1139	15737	152	0.01	0	4
scaffold_1139_region	8765	114	0.01	0	4
scaffold_1140	15715	166	0.01	0	3
scaffold_1140_region	10160	38	0.00	0	2
scaffold_1141	15678	12478	0.80	0	656
scaffold_1141_region	2324	0	0.00	0	0
scaffold_1142	15671	223	0.01	0	8
scaffold_1142_region	1351	0	0.00	0	0
scaffold_1143	15653	1083	0.07	0	16
scaffold_1143_region	3897	0	0.00	0	0
scaffold_1144	15635	172	0.01	0	3
scaffold_1144_region	0	0	0.00	0	0
scaffold_1145	15508	624	0.04	0	6
scaffold_1145_region	0	0	0.00	0	0
scaffold_1146	15447	129028	8.35	0	5603
scaffold_1146_region	9635	68512	7.11	0	5603
scaffold_1147	15419	8572	0.56	0	288
scaffold_1147_region	4274	106	0.02	0	2
scaffold_1148	15419	114	0.01	0	2
scaffold_1148_region	0	0	0.00	0	0
scaffold_1149	15379	6421	0.42	0	57
scaffold_1149_region	952	40	0.04	0	2
scaffold_1151	15341	46	0.00	0	2
scaffold_1151_region	0	0	0.00	0	0
scaffold_1153	15299	10684	0.70	0	292
scaffold_1153_region	6378	4384	0.69	0	230
scaffold_1154	15278	38	0.00	0	2
scaffold_1154_region	533	38	0.07	0	2
scaffold_1155	15231	1243	0.08	0	32
scaffold_1155_region	587	0	0.00	0	0
scaffold_1156	15111	420	0.03	0	2
scaffold_1156_region	585	0	0.00	0	0
scaffold_1157	15069	76	0.01	0	2
scaffold_1157_region	2204	0	0.00	0	0
scaffold_1158	15051	394	0.03	0	2
scaffold_1158_region	6003	38	0.01	0	2
scaffold_1160	14999	1242	0.08	0	16
scaffold_1160_region	484	0	0.00	0	0
scaffold_1161	14990	2692	0.18	0	39
scaffold_1161_region	9149	120	0.01	0	2
scaffold_1162	14952	3307	0.22	0	85
scaffold_1162_region	3893	0	0.00	0	0
scaffold_1163	14932	38	0.00	0	2
scaffold_1163_region	5356	0	0.00	0	0
scaffold_1164	14900	52	0.00	0	2
scaffold_1164_region	290	0	0.00	0	0
scaffold_1165	14898	1444	0.10	0	4
scaffold_1165_region	0	0	0.00	0	0
scaffold_1166	14885	387	0.03	0	8
scaffold_1166_region	0	0	0.00	0	0
scaffold_1168	14786	6744	0.46	0	336
scaffold_1168_region	10410	6706	0.64	0	336
scaffold_1169	14778	220	0.01	0	6
scaffold_1169_region	0	0	0.00	0	0
scaffold_1170	14714	98	0.01	0	2
scaffold_1170_region	0	0	0.00	0	0
scaffold_1171	14713	619	0.04	0	14
scaffold_1171_region	0	0	0.00	0	0
scaffold_1173	14652	38	0.00	0	2
scaffold_1173_region	9678	0	0.00	0	0
scaffold_1174	14474	711	0.05	0	9
scaffold_1174_region	0	0	0.00	0	0
scaffold_1175	14444	19987	1.38	0	119
scaffold_1175_region	6286	18858	3.00	0	119
scaffold_1176	14428	222	0.02	0	6
scaffold_1176_region	0	0	0.00	0	0
scaffold_1177	14420	7457	0.52	0	348
scaffold_1177_region	3653	6801	1.86	0	348
scaffold_1178	14391	789	0.05	0	4
scaffold_1178_region	1766	789	0.45	0	4
scaffold_1179	14354	7965	0.55	0	348
scaffold_1179_region	0	0	0.00	0	0
scaffold_1180	14329	204	0.01	0	4
scaffold_1180_region	0	0	0.00	0	0
scaffold_1181	14312	128	0.01	0	4
scaffold_1181_region	0	0	0.00	0	0
scaffold_1182	14268	1000	0.07	0	5
scaffold_1182_region	630	438	0.70	0	5
scaffold_1183	14267	1366	0.10	0	38
scaffold_1183_region	0	0	0.00	0	0
scaffold_1184	14236	5301	0.37	0	254
scaffold_1184_region	3111	5301	1.70	0	254
scaffold_1186	14198	5568	0.39	0	284
scaffold_1186_region	4489	5407	1.20	0	284
scaffold_1187	14181	1563	0.11	0	28
scaffold_1187_region	886	220	0.25	0	3
scaffold_1188	14173	40	0.00	0	2
scaffold_1188_region	0	0	0.00	0	0
scaffold_1191	13903	40	0.00	0	2
scaffold_1191_region	1476	0	0.00	0	0
scaffold_1192	13891	42138	3.03	0	588
scaffold_1192_region	1092	26880	24.62	0	63
scaffold_1193	13828	183	0.01	0	2
scaffold_1193_region	0	0	0.00	0	0
scaffold_1194	13795	40	0.00	0	2
scaffold_1194_region	0	0	0.00	0	0
scaffold_1197	13717	733	0.05	0	22
scaffold_1197_region	0	0	0.00	0	0
scaffold_1198	13704	370	0.03	0	2
scaffold_1198_region	650	0	0.00	0	0
scaffold_1199	13604	4493	0.33	0	214
scaffold_1199_region	4872	0	0.00	0	0
scaffold_1200	13600	5942	0.44	0	294
scaffold_1200_region	6492	5904	0.91	0	294
scaffold_1201	13591	254	0.02	0	2
scaffold_1201_region	1539	185	0.12	0	2
scaffold_1202	13587	1862	0.14	0	98
scaffold_1202_region	0	0	0.00	0	0
scaffold_1203	13573	87	0.01	0	2
scaffold_1203_region	0	0	0.00	0	0
scaffold_1204	13554	300	0.02	0	10
scaffold_1204_region	1548	0	0.00	0	0
scaffold_1205	13480	391	0.03	0	4
scaffold_1205_region	288	72	0.25	0	2
scaffold_1206	13376	1187	0.09	0	9
scaffold_1206_region	442	0	0.00	0	0
scaffold_1208	13364	305	0.02	0	2
scaffold_1208_region	6906	165	0.02	0	2
scaffold_1209	13310	44	0.00	0	2
scaffold_1209_region	0	0	0.00	0	0
scaffold_1210	13307	2756	0.21	0	68
scaffold_1210_region	1111	0	0.00	0	0
scaffold_1211	13298	38	0.00	0	2
scaffold_1211_region	0	0	0.00	0	0
scaffold_1212	13246	118	0.01	0	4
scaffold_1212_region	3007	80	0.03	0	4
scaffold_1214	13122	76	0.01	0	4
scaffold_1214_region	1764	0	0.00	0	0
scaffold_1216	13008	4869	0.37	0	256
scaffold_1216_region	850	0	0.00	0	0
scaffold_1217	12971	80	0.01	0	4
scaffold_1217_region	0	0	0.00	0	0
scaffold_1218	12954	2258	0.17	0	50
scaffold_1218_region	0	0	0.00	0	0
scaffold_1220	12918	549	0.04	0	12
scaffold_1220_region	0	0	0.00	0	0
scaffold_1221	12880	5604	0.44	0	24
scaffold_1221_region	1318	4515	3.43	0	24
scaffold_1222	12839	84	0.01	0	2
scaffold_1222_region	0	0	0.00	0	0
scaffold_1223	12823	3230	0.25	0	80
scaffold_1223_region	0	0	0.00	0	0
scaffold_1224	12818	98	0.01	0	2
scaffold_1224_region	0	0	0.00	0	0
scaffold_1225	12814	120	0.01	0	4
scaffold_1225_region	1388	0	0.00	0	0
scaffold_1226	12807	315	0.02	0	2
scaffold_1226_region	432	205	0.47	0	2
scaffold_1227	12790	115	0.01	0	4
scaffold_1227_region	3517	115	0.03	0	4
scaffold_1228	12736	483	0.04	0	9
scaffold_1228_region	0	0	0.00	0	0
scaffold_1229	12700	7493	0.59	0	336
scaffold_1229_region	8220	7303	0.89	0	336
scaffold_1230	12697	40	0.00	0	2
scaffold_1230_region	2373	0	0.00	0	0
scaffold_1231	12691	6156	0.49	0	318
scaffold_1231_region	10518	12126	1.15	0	318
scaffold_1233	12655	152	0.01	0	2
scaffold_1233_region	7256	114	0.02	0	2
scaffold_1234	12647	48	0.00	0	2
scaffold_1234_region	0	0	0.00	0	0
scaffold_1235	12631	38	0.00	0	2
scaffold_1235_region	0	0	0.00	0	0
scaffold_1236	12629	568	0.04	0	24
scaffold_1236_region	0	0	0.00	0	0
scaffold_1238	12620	372	0.03	0	3
scaffold_1238_region	2781	0	0.00	0	0
scaffold_1239	12558	394	0.03	0	8
scaffold_1239_region	0	0	0.00	0	0
scaffold_1241	12485	12594	1.01	0	310
scaffold_1241_region	8380	12594	1.50	0	310
scaffold_1242	12467	6566	0.53	0	326
scaffold_1242_region	5917	6566	1.11	0	326
scaffold_1243	12358	305	0.02	0	2
scaffold_1243_region	1455	129	0.09	0	1
scaffold_1244	12350	38	0.00	0	2
scaffold_1244_region	0	0	0.00	0	0
scaffold_1245	12300	10207	0.83	0	18
scaffold_1245_region	2646	9381	3.55	0	18
scaffold_1246	12284	466	0.04	0	9
scaffold_1246_region	6692	78	0.01	0	2
scaffold_1247	12277	196	0.02	0	4
scaffold_1247_region	4409	0	0.00	0	0
scaffold_1248	12264	1085	0.09	0	10
scaffold_1248_region	3866	1047	0.27	0	10
scaffold_1249	12218	303	0.02	0	2
scaffold_1249_region	3736	265	0.07	0	2
scaffold_1250	12205	1016	0.08	0	4
scaffold_1250_region	2644	114	0.04	0	4
scaffold_1251	12195	202	0.02	0	4
scaffold_1251_region	8155	202	0.02	0	4
scaffold_1252	12183	6244	0.51	0	88
scaffold_1252_region	7700	197	0.03	0	4
scaffold_1253	12181	1257	0.10	0	12
scaffold_1253_region	1208	94	0.08	0	2
scaffold_1254	12167	1341	0.11	0	4
scaffold_1254_region	2417	288	0.12	0	2
scaffold_1255	12125	38	0.00	0	2
scaffold_1255_region	0	0	0.00	0	0
scaffold_1256	12070	150	0.01	0	4
scaffold_1256_region	0	0	0.00	0	0
scaffold_1257	12063	520	0.04	0	6
scaffold_1257_region	9961	520	0.05	0	6
scaffold_1259	12017	674	0.06	0	9
scaffold_1259_region	272	0	0.00	0	0
scaffold_1260	12000	640	0.05	0	6
scaffold_1260_region	2364	640	0.27	0	6
scaffold_1261	11984	471	0.04	0	4
scaffold_1261_region	0	0	0.00	0	0
scaffold_1262	11947	7173	0.60	0	336
scaffold_1262_region	8872	7118	0.80	0	336
scaffold_1263	11939	6511	0.55	0	334
scaffold_1263_region	8467	96	0.01	0	2
scaffold_1264	11735	839	0.07	0	4
scaffold_1264_region	8313	839	0.10	0	4
scaffold_1266	11710	5669	0.48	0	278
scaffold_1266_region	2464	5301	2.15	0	278
scaffold_1267	11707	5437	0.46	0	282
scaffold_1267_region	8474	5437	0.64	0	282
scaffold_1268	11670	208	0.02	0	1
scaffold_1268_region	7174	187	0.03	0	1
scaffold_1269	11655	142	0.01	0	2
scaffold_1269_region	8223	0	0.00	0	0
scaffold_1270	11628	38	0.00	0	2
scaffold_1270_region	5207	38	0.01	0	2
scaffold_1271	11612	17740	1.53	0	324
scaffold_1271_region	4905	6247	1.27	0	324
scaffold_1273	11473	1022	0.09	0	6
scaffold_1273_region	1101	562	0.51	0	6
scaffold_1275	11337	6727	0.59	0	172
scaffold_1275_region	2529	4670	1.85	0	172
scaffold_1276	11336	176	0.02	0	3
scaffold_1276_region	584	0	0.00	0	0
scaffold_1277	11286	38	0.00	0	2
scaffold_1277_region	0	0	0.00	0	0
scaffold_1279	11224	276	0.02	0	4
scaffold_1279_region	1066	84	0.08	0	4
scaffold_1280	11221	76	0.01	0	2
scaffold_1280_region	3380	38	0.01	0	2
scaffold_1281	11190	162	0.01	0	4
scaffold_1281_region	3302	0	0.00	0	0
scaffold_1282	11184	228	0.02	0	2
scaffold_1282_region	628	0	0.00	0	0
scaffold_1283	11145	310	0.03	0	4
scaffold_1283_region	6320	0	0.00	0	0
scaffold_1284	11124	61	0.01	0	1
scaffold_1284_region	0	0	0.00	0	0
scaffold_1286	11096	40	0.00	0	2
scaffold_1286_region	0	0	0.00	0	0
scaffold_1289	10954	77	0.01	0	2
scaffold_1289_region	0	0	0.00	0	0
scaffold_1290	10917	247	0.02	0	2
scaffold_1290_region	10005	247	0.02	0	2
scaffold_1291	10898	76	0.01	0	4
scaffold_1291_region	6736	0	0.00	0	0
scaffold_1293	10852	68	0.01	0	2
scaffold_1293_region	0	0	0.00	0	0
scaffold_1294	10829	6030	0.56	0	14
scaffold_1294_region	1364	1484	1.09	0	9
scaffold_1295	10809	42	0.00	0	2
scaffold_1295_region	0	0	0.00	0	0
scaffold_1296	10791	399	0.04	0	6
scaffold_1296_region	72	0	0.00	0	0
scaffold_1299	10585	1675	0.16	0	7
scaffold_1299_region	773	512	0.66	0	4
scaffold_1300	10457	72	0.01	0	2
scaffold_1300_region	0	0	0.00	0	0
scaffold_1301	10422	7722	0.74	0	406
scaffold_1301_region	0	0	0.00	0	0
scaffold_1302	10364	34805	3.36	0	174
scaffold_1302_region	1902	16646	8.75	0	112
scaffold_1304	10250	114	0.01	0	4
scaffold_1304_region	0	0	0.00	0	0
scaffold_1306	10162	170	0.02	0	3
scaffold_1306_region	0	0	0.00	0	0
scaffold_1308	10129	50	0.00	0	2
scaffold_1308_region	0	0	0.00	0	0
scaffold_1309	10115	114	0.01	0	2
scaffold_1309_region	8015	76	0.01	0	2
scaffold_1310	10084	38	0.00	0	2
scaffold_1310_region	0	0	0.00	0	0
scaffold_1311	10046	163	0.02	0	4
scaffold_1311_region	834	76	0.09	0	2
scaffold_1313	9835	7503	0.76	0	344
scaffold_1313_region	8938	7503	0.84	0	344
scaffold_1314	9823	1819	0.19	0	8
scaffold_1314_region	0	0	0.00	0	0
scaffold_1315	9820	202	0.02	0	2
scaffold_1315_region	3286	80	0.02	0	2
scaffold_1317	9765	13444	1.38	0	668
scaffold_1317_region	2268	0	0.00	0	0
scaffold_1318	9707	160	0.02	0	6
scaffold_1318_region	0	0	0.00	0	0
scaffold_1319	9686	11105	1.15	0	582
scaffold_1319_region	0	0	0.00	0	0
scaffold_1321	9648	306	0.03	0	4
scaffold_1321_region	0	0	0.00	0	0
scaffold_1323	9543	456	0.05	0	2
scaffold_1323_region	0	0	0.00	0	0
scaffold_1324	9530	427	0.04	0	2
scaffold_1324_region	8428	427	0.05	0	2
scaffold_1325	9491	1819	0.19	0	12
scaffold_1325_region	0	0	0.00	0	0
scaffold_1326	9487	40	0.00	0	2
scaffold_1326_region	0	0	0.00	0	0
scaffold_1327	9306	4937	0.53	0	26
scaffold_1327_region	0	0	0.00	0	0
scaffold_1328	9298	422	0.05	0	5
scaffold_1328_region	0	0	0.00	0	0
scaffold_1329	9176	114	0.01	0	6
scaffold_1329_region	0	0	0.00	0	0
scaffold_1330	9095	40	0.00	0	2
scaffold_1330_region	846	0	0.00	0	0
scaffold_1331	9033	1565	0.17	0	16
scaffold_1331_region	0	0	0.00	0	0
scaffold_1334	8794	10177	1.16	0	150
scaffold_1334_region	521	0	0.00	0	0
scaffold_1335	8690	2196	0.25	0	24
scaffold_1335_region	0	0	0.00	0	0
scaffold_1336	8647	78	0.01	0	2
scaffold_1336_region	1186	0	0.00	0	0
scaffold_1338	8507	678	0.08	0	4
scaffold_1338_region	707	40	0.06	0	2
scaffold_1339	8505	3225	0.38	0	160
scaffold_1339_region	0	0	0.00	0	0
scaffold_1340	8480	223	0.03	0	4
scaffold_1340_region	0	0	0.00	0	0
scaffold_1342	8313	158	0.02	0	6
scaffold_1342_region	1290	0	0.00	0	0
scaffold_1344	8006	95	0.01	0	1
scaffold_1344_region	0	0	0.00	0	0
scaffold_1345	7895	76	0.01	0	4
scaffold_1345_region	2825	0	0.00	0	0
scaffold_1346	7879	115	0.01	0	2
scaffold_1346_region	560	0	0.00	0	0
scaffold_1347	7707	6512	0.84	0	20
scaffold_1347_region	877	5883	6.71	0	20
scaffold_1348	7685	1904	0.25	0	100
scaffold_1348_region	1336	1904	1.43	0	100
scaffold_1349	7671	561	0.07	0	4
scaffold_1349_region	0	0	0.00	0	0
scaffold_1350	7622	38	0.00	0	2
scaffold_1350_region	0	0	0.00	0	0
scaffold_1351	7610	185	0.02	0	2
scaffold_1351_region	0	0	0.00	0	0
scaffold_1353	7512	38	0.01	0	2
scaffold_1353_region	213	0	0.00	0	0
scaffold_1354	7432	482	0.06	0	5
scaffold_1354_region	0	0	0.00	0	0
scaffold_1355	7371	316	0.04	0	2
scaffold_1355_region	0	0	0.00	0	0
scaffold_1356	7235	2587	0.36	0	25
scaffold_1356_region	760	0	0.00	0	0
scaffold_1358	7084	124	0.02	0	2
scaffold_1358_region	2207	0	0.00	0	0
scaffold_1359	6779	6765	1.00	0	308
scaffold_1359_region	0	0	0.00	0	0
scaffold_1360	6045	145	0.02	0	1
scaffold_1360_region	343	0	0.00	0	0
scaffold_1361	5417	79	0.01	0	2
scaffold_1361_region	0	0	0.00	0	0
scaffold_1362	4587	350	0.08	0	2
scaffold_1362_region	0	0	0.00	0	0
scaffold_1364	4190	38	0.01	0	2
scaffold_1364_region	537	0	0.00	0	0
scaffold_1365	3589	42	0.01	0	2
scaffold_1365_region	0	0	0.00	0	0
total	88537517	32427075	0.37	0	5603
total_region	24961926	19220814	0.77	0	5603
