chrom	length	bases	mean	min	max
scaffold_1	286095	34586584	120.89	0	6603
scaffold_2	250715	16371671	65.30	0	3881
scaffold_3	237684	15003449	63.12	0	7840
scaffold_4	234603	36042793	153.63	0	7789
scaffold_5	229968	21177893	92.09	0	8137
scaffold_6	220597	27453138	124.45	0	5871
scaffold_7	207794	19102669	91.93	0	5728
scaffold_8	205139	7323228	35.70	0	1398
scaffold_9	198841	9504290	47.80	0	2621
scaffold_10	198646	47644040	239.84	0	10601
scaffold_11	195129	60041442	307.70	0	134600
scaffold_12	190750	10062642	52.75	0	3057
scaffold_13	189766	18372839	96.82	0	2793
scaffold_14	189507	17084194	90.15	0	6627
scaffold_15	189048	31569658	166.99	0	4689
scaffold_16	187219	10145931	54.19	0	3921
scaffold_17	184133	31975260	173.65	0	10571
scaffold_18	183724	10068835	54.80	0	2968
scaffold_19	182521	39800013	218.06	0	21493
scaffold_20	178170	16081583	90.26	0	3851
scaffold_21	177841	24939505	140.23	0	8152
scaffold_22	177019	18841184	106.44	0	2936
scaffold_23	176558	13269320	75.16	0	4424
scaffold_24	174977	15819526	90.41	0	2158
scaffold_25	172336	24777237	143.77	0	10433
scaffold_26	171750	24554512	142.97	0	6230
scaffold_27	167886	28088112	167.30	0	11382
scaffold_28	166980	6346871	38.01	0	4074
scaffold_29	166939	12058947	72.24	0	2097
scaffold_30	164712	56692546	344.19	0	34193
scaffold_31	163985	12870149	78.48	0	5079
scaffold_32	163465	10061947	61.55	0	1434
scaffold_33	162656	20529192	126.21	0	10496
scaffold_34	162104	9706547	59.88	0	3036
scaffold_35	161735	16231307	100.36	0	9701
scaffold_36	161300	5660486	35.09	0	1264
scaffold_37	160863	18496660	114.98	0	5651
scaffold_38	160818	24281632	150.99	0	14331
scaffold_39	160336	20383098	127.13	0	6731
scaffold_40	160108	10884323	67.98	0	2056
scaffold_41	159512	11706801	73.39	0	15794
scaffold_42	158886	39948149	251.43	0	10863
scaffold_43	158706	24053124	151.56	0	12850
scaffold_44	158304	23832116	150.55	0	14917
scaffold_45	157986	3912341	24.76	0	2586
scaffold_46	156673	12274276	78.34	0	3074
scaffold_47	156653	12898337	82.34	0	6883
scaffold_48	156252	9698711	62.07	0	4735
scaffold_49	155030	51155182	329.97	0	2969
scaffold_50	153644	7081729	46.09	0	1903
scaffold_51	153125	11224365	73.30	0	3110
scaffold_52	153069	7772577	50.78	0	1557
scaffold_53	150274	6751793	44.93	0	1462
scaffold_54	150165	13464137	89.66	0	3623
scaffold_55	150018	15399806	102.65	0	10272
scaffold_56	149470	16433782	109.95	0	8093
scaffold_57	149389	8511184	56.97	0	5233
scaffold_58	148587	4811807	32.38	0	2351
scaffold_59	148578	2503155	16.85	0	1432
scaffold_60	148441	7909682	53.29	0	5097
scaffold_61	148177	19412493	131.01	0	34601
scaffold_62	148137	20213709	136.45	0	11810
scaffold_63	147519	8355691	56.64	0	3355
scaffold_64	147158	13520936	91.88	0	9359
scaffold_65	146313	9898487	67.65	0	3317
scaffold_66	145308	14408728	99.16	0	9680
scaffold_67	145296	10263581	70.64	0	4764
scaffold_68	145227	3283194	22.61	0	608
scaffold_69	144537	10902117	75.43	0	8017
scaffold_70	144241	1696764	11.76	0	1041
scaffold_71	142596	5747538	40.31	0	11174
scaffold_72	142380	5923635	41.60	0	1938
scaffold_73	141081	12824192	90.90	0	4621
scaffold_74	140997	9142638	64.84	0	4185
scaffold_75	140991	40637702	288.23	0	8231
scaffold_76	140971	2699693	19.15	0	917
scaffold_77	140359	2220953	15.82	0	1131
scaffold_78	140314	4234075	30.18	0	916
scaffold_79	139789	5716300	40.89	0	1202
scaffold_80	139633	8273725	59.25	0	4187
scaffold_81	139289	9745939	69.97	0	5978
scaffold_82	139181	13327596	95.76	0	9003
scaffold_83	139084	9982798	71.78	0	3145
scaffold_84	139050	12816696	92.17	0	3038
scaffold_85	138563	5364143	38.71	0	1427
scaffold_86	138313	19233792	139.06	0	4840
scaffold_87	138115	28542932	206.66	0	27548
scaffold_88	138112	11795894	85.41	0	2801
scaffold_89	137553	7624319	55.43	0	1462
scaffold_90	136761	11440206	83.65	0	2957
scaffold_91	136736	6540172	47.83	0	4539
scaffold_92	136735	13638572	99.74	0	1677
scaffold_93	136554	10152696	74.35	0	3254
scaffold_94	135919	3251	0.02	0	14
scaffold_95	135902	4610514	33.93	0	2075
scaffold_96	135421	3514893	25.96	0	1626
scaffold_97	135258	10734218	79.36	0	10558
scaffold_98	134942	4987415	36.96	0	1273
scaffold_99	134721	5448166	40.44	0	5084
scaffold_100	133869	11971939	89.43	0	2106
scaffold_101	133835	4098621	30.62	0	2483
scaffold_102	133050	6394401	48.06	0	2530
scaffold_103	132715	12464915	93.92	0	6134
scaffold_104	132375	5104125	38.56	0	1230
scaffold_105	131971	6789322	51.45	0	1270
scaffold_106	131915	6655765	50.45	0	2071
scaffold_107	129373	10850120	83.87	0	6412
scaffold_108	128234	12499861	97.48	0	23188
scaffold_109	127751	24493188	191.73	0	10524
scaffold_110	126492	17185045	135.86	0	5914
scaffold_111	126410	8580024	67.87	0	9445
scaffold_112	126348	11570389	91.58	0	8283
scaffold_113	126294	33682116	266.70	0	14528
scaffold_114	126209	12771012	101.19	0	7316
scaffold_115	125914	2792531	22.18	0	1486
scaffold_116	124543	16398065	131.67	0	3329
scaffold_117	124208	9017115	72.60	0	3490
scaffold_118	123698	6217006	50.26	0	1378
scaffold_119	122989	9852174	80.11	0	11022
scaffold_120	122790	13072165	106.46	0	4054
scaffold_121	122750	1432136	11.67	0	1012
scaffold_122	122504	4832956	39.45	0	1861
scaffold_123	122359	4298484	35.13	0	5788
scaffold_124	122140	15741510	128.88	0	9909
scaffold_125	121488	7867931	64.76	0	1677
scaffold_126	121410	14653756	120.70	0	9469
scaffold_127	121203	16657587	137.44	0	3955
scaffold_128	121030	4948459	40.89	0	1717
scaffold_129	120606	13219319	109.61	0	11645
scaffold_130	120263	1272591	10.58	0	703
scaffold_131	120244	8769770	72.93	0	8051
scaffold_132	120135	6957646	57.92	0	2488
scaffold_133	119746	17859331	149.14	0	16741
scaffold_134	119535	20644400	172.71	0	7427
scaffold_135	119511	9341712	78.17	0	2943
scaffold_136	119466	2281383	19.10	0	1333
scaffold_137	118903	9798183	82.40	0	7070
scaffold_138	118793	8284736	69.74	0	1784
scaffold_139	118762	8933847	75.22	0	1879
scaffold_140	118729	2961280	24.94	0	1077
scaffold_141	118389	5843576	49.36	0	2147
scaffold_142	118136	10441427	88.38	0	5767
scaffold_143	118005	23164457	196.30	0	13914
scaffold_144	117900	7310058	62.00	0	1780
scaffold_145	117854	2357205	20.00	0	1386
scaffold_146	117266	7420083	63.28	0	923
scaffold_147	117049	1928128	16.47	0	796
scaffold_148	117048	4359575	37.25	0	1433
scaffold_149	117040	19867751	169.75	0	7657
scaffold_150	116799	8799010	75.33	0	8129
scaffold_151	116672	7279117	62.39	0	2711
scaffold_152	116638	1620489	13.89	0	442
scaffold_153	116627	14344213	122.99	0	6636
scaffold_154	116566	12593727	108.04	0	3275
scaffold_155	116403	14758889	126.79	0	14970
scaffold_156	116187	7016630	60.39	0	2668
scaffold_157	115844	11297963	97.53	0	1234
scaffold_158	115837	7365824	63.59	0	3106
scaffold_159	115506	6191628	53.60	0	3375
scaffold_160	115485	13062095	113.11	0	9685
scaffold_161	115440	12292584	106.48	0	5636
scaffold_162	115430	4133	0.04	0	8
scaffold_163	114993	3291894	28.63	0	1451
scaffold_164	114866	6699600	58.33	0	3272
scaffold_165	114847	24742531	215.44	0	20225
scaffold_166	114426	7255582	63.41	0	3723
scaffold_167	114265	4368135	38.23	0	615
scaffold_168	114037	4820480	42.27	0	4560
scaffold_169	113772	7110013	62.49	0	1923
scaffold_170	113608	7442166	65.51	0	3152
scaffold_171	113441	29648686	261.36	0	17357
scaffold_172	113342	8906240	78.58	0	3023
scaffold_173	113291	5715275	50.45	0	2244
scaffold_174	113083	13134666	116.15	0	6037
scaffold_175	112816	15949651	141.38	0	7622
scaffold_176	112531	6686003	59.41	0	8635
scaffold_177	111754	14077906	125.97	0	12714
scaffold_178	111746	21989970	196.79	0	16645
scaffold_179	111268	15373029	138.16	0	3699
scaffold_180	111043	17742740	159.78	0	6060
scaffold_181	110981	4986793	44.93	0	1978
scaffold_182	110750	3170008	28.62	0	2256
scaffold_183	110495	1032506	9.34	0	747
scaffold_184	110470	6289454	56.93	0	7440
scaffold_185	110459	23620593	213.84	0	19777
scaffold_186	110425	6088426	55.14	0	2685
scaffold_187	110213	2844821	25.81	0	486
scaffold_188	109906	6477788	58.94	0	3205
scaffold_189	109829	6685458	60.87	0	9810
scaffold_190	109819	2390130	21.76	0	1491
scaffold_191	109757	11718357	106.77	0	2348
scaffold_192	109694	8627313	78.65	0	5756
scaffold_193	109223	6106613	55.91	0	1704
scaffold_194	109070	5706125	52.32	0	1482
scaffold_195	108893	64761704	594.73	0	76737
scaffold_196	108823	12167030	111.81	0	3432
scaffold_197	108791	5205621	47.85	0	2444
scaffold_198	108573	8844837	81.46	0	3300
scaffold_199	108434	21854963	201.55	0	12999
scaffold_200	108079	3906791	36.15	0	1053
scaffold_201	107576	367883	3.42	0	362
scaffold_202	107472	22298998	207.49	0	9459
scaffold_203	107060	8989914	83.97	0	2666
scaffold_204	106924	2958363	27.67	0	1061
scaffold_205	106742	3787001	35.48	0	1889
scaffold_206	106580	6718618	63.04	0	1830
scaffold_207	106276	12070423	113.58	0	2627
scaffold_208	106175	11019617	103.79	0	4476
scaffold_209	106141	5923245	55.81	0	1278
scaffold_210	105769	7800599	73.75	0	1383
scaffold_211	105687	8926018	84.46	0	2327
scaffold_212	105643	18277718	173.01	0	10385
scaffold_213	105575	10243073	97.02	0	3088
scaffold_214	105555	9237802	87.52	0	4202
scaffold_215	105424	13099487	124.26	0	13662
scaffold_216	105388	2378379	22.57	0	1011
scaffold_217	105340	3135463	29.77	0	723
scaffold_218	105269	2790277	26.51	0	652
scaffold_219	105256	53387250	507.21	0	133058
scaffold_220	105069	6655298	63.34	0	2996
scaffold_221	105066	7154342	68.09	0	1738
scaffold_222	105020	2816475	26.82	0	2159
scaffold_223	104988	17481759	166.51	0	8709
scaffold_224	104948	8688799	82.79	0	8359
scaffold_225	104929	9682231	92.27	0	11055
scaffold_226	104912	6459286	61.57	0	2019
scaffold_227	104891	5095915	48.58	0	1043
scaffold_228	104881	12467500	118.87	0	6842
scaffold_229	104857	34765216	331.55	0	2072
scaffold_230	104679	2607740	24.91	0	1059
scaffold_231	104520	8705190	83.29	0	7461
scaffold_232	104477	3120666	29.87	0	492
scaffold_233	104371	8741751	83.76	0	6062
scaffold_234	104371	12965955	124.23	0	2627
scaffold_235	104311	9313253	89.28	0	4577
scaffold_236	103814	5979886	57.60	0	2017
scaffold_237	103747	11323402	109.14	0	4445
scaffold_238	103707	17289082	166.71	0	9043
scaffold_239	103646	17084856	164.84	0	10765
scaffold_240	103321	1657710	16.04	0	1354
scaffold_241	102641	16979322	165.42	0	11659
scaffold_242	102531	3523787	34.37	0	7776
scaffold_243	102440	2871200	28.03	0	818
scaffold_244	102125	4984116	48.80	0	1400
scaffold_245	102118	2410706	23.61	0	1151
scaffold_246	102068	9997274	97.95	0	2436
scaffold_247	102053	7204759	70.60	0	981
scaffold_248	102010	7565917	74.17	0	1955
scaffold_249	101980	4230632	41.48	0	3654
scaffold_250	101682	2761550	27.16	0	1180
scaffold_251	101559	3733364	36.76	0	4345
scaffold_252	101467	4781578	47.12	0	10189
scaffold_253	101419	4436418	43.74	0	3779
scaffold_254	101135	7852411	77.64	0	1608
scaffold_255	100734	15230471	151.19	0	7747
scaffold_256	100706	1082572	10.75	0	727
scaffold_257	100668	6541048	64.98	0	5660
scaffold_258	100570	9235446	91.83	0	4256
scaffold_259	100525	2127056	21.16	0	1955
scaffold_260	100464	17905722	178.23	0	10678
scaffold_261	100295	11613214	115.79	0	1828
scaffold_262	100252	5087258	50.74	0	3694
scaffold_263	100166	5772138	57.63	0	2148
scaffold_264	100073	8526732	85.21	0	2623
scaffold_265	99698	9776568	98.06	0	10245
scaffold_266	99626	2241027	22.49	0	1947
scaffold_267	99544	3214263	32.29	0	593
scaffold_268	99446	13718732	137.95	0	4021
scaffold_269	99250	10076648	101.53	0	11301
scaffold_270	99172	3144420	31.71	0	707
scaffold_271	99124	6884938	69.46	0	3144
scaffold_272	99102	8780288	88.60	0	4646
scaffold_273	99096	22734480	229.42	0	8807
scaffold_274	98984	6865887	69.36	0	1845
scaffold_275	98966	5296287	53.52	0	2674
scaffold_276	98894	6051004	61.19	0	2396
scaffold_277	98832	6639559	67.18	0	2168
scaffold_278	98540	5956352	60.45	0	3451
scaffold_279	98519	5370819	54.52	0	2812
scaffold_280	98330	2137479	21.74	0	2311
scaffold_281	98234	4528601	46.10	0	5818
scaffold_282	98167	4552874	46.38	0	2613
scaffold_283	97823	3754503	38.38	0	879
scaffold_284	97731	17709630	181.21	0	3615
scaffold_285	97509	8752777	89.76	0	3531
scaffold_286	97428	2511961	25.78	0	676
scaffold_287	97145	15303084	157.53	0	16262
scaffold_288	96989	7197847	74.21	0	4991
scaffold_289	96982	5347620	55.14	0	968
scaffold_290	96925	5594100	57.72	0	1992
scaffold_291	96233	5326599	55.35	0	1646
scaffold_292	96195	4247876	44.16	0	3359
scaffold_293	96177	9647544	100.31	0	3707
scaffold_294	95934	15540293	161.99	0	11515
scaffold_295	95821	19268019	201.08	0	25161
scaffold_296	95796	1200879	12.54	0	656
scaffold_297	95781	5492883	57.35	0	3176
scaffold_298	95606	15447531	161.57	0	17052
scaffold_299	95587	16633676	174.02	0	6825
scaffold_300	95587	5206622	54.47	0	8051
scaffold_301	95567	6330746	66.24	0	6553
scaffold_302	95546	1377051	14.41	0	973
scaffold_303	95372	7941489	83.27	0	3304
scaffold_304	95356	3632693	38.10	0	2547
scaffold_305	95300	600	0.01	0	1
scaffold_306	95291	6644800	69.73	0	4776
scaffold_307	95169	10223217	107.42	0	7961
scaffold_308	94990	5791224	60.97	0	4240
scaffold_309	94945	6702544	70.59	0	3892
scaffold_310	94917	2200052	23.18	0	462
scaffold_311	94670	9787388	103.38	0	5396
scaffold_312	94652	8424070	89.00	0	11570
scaffold_313	94479	5089196	53.87	0	2667
scaffold_314	94331	3387358	35.91	0	4672
scaffold_315	94316	3477306	36.87	0	484
scaffold_316	94290	6084742	64.53	0	8294
scaffold_317	94275	6449264	68.41	0	8151
scaffold_318	94161	7191277	76.37	0	1650
scaffold_319	93686	39215752	418.59	0	84023
scaffold_320	93681	4947708	52.81	0	1404
scaffold_321	93614	8688389	92.81	0	2515
scaffold_322	93604	7450603	79.60	0	1927
scaffold_323	93596	7221285	77.15	0	2894
scaffold_324	93503	4566714	48.84	0	789
scaffold_325	93471	7509318	80.34	0	19070
scaffold_326	93469	2309091	24.70	0	477
scaffold_327	93199	7877273	84.52	0	8534
scaffold_328	93149	6184342	66.39	0	3093
scaffold_329	93066	2184014	23.47	0	1175
scaffold_330	93061	7688183	82.61	0	2461
scaffold_331	92949	11880450	127.82	0	10926
scaffold_332	92745	12927853	139.39	0	12315
scaffold_333	92672	3331682	35.95	0	2468
scaffold_334	92579	1898981	20.51	0	489
scaffold_335	92567	3072782	33.20	0	448
scaffold_336	92426	4712525	50.99	0	939
scaffold_337	92373	8107093	87.76	0	6172
scaffold_338	92354	16904218	183.04	0	6165
scaffold_339	91870	12216800	132.98	0	11148
scaffold_340	91870	3716305	40.45	0	2671
scaffold_341	91780	5717850	62.30	0	5705
scaffold_342	91698	2219270	24.20	0	1418
scaffold_343	91638	8281904	90.38	0	1515
scaffold_344	91577	4013080	43.82	0	1069
scaffold_345	91532	15784511	172.45	0	6043
scaffold_346	91374	2663316	29.15	0	864
scaffold_347	91160	6136349	67.31	0	5311
scaffold_348	91081	1127503	12.38	0	813
scaffold_349	91068	7326699	80.45	0	2915
scaffold_350	91059	2944841	32.34	0	3901
scaffold_351	90994	3370414	37.04	0	2973
scaffold_352	90870	4147536	45.64	0	859
scaffold_353	90618	4388770	48.43	0	2031
scaffold_354	90613	3991224	44.05	0	1089
scaffold_355	90500	3910145	43.21	0	2299
scaffold_356	90420	54395	0.60	0	144
scaffold_357	90207	5392028	59.77	0	3407
scaffold_358	90191	14759056	163.64	0	29262
scaffold_359	90084	4503439	49.99	0	1477
scaffold_360	89965	8459524	94.03	0	12225
scaffold_361	89953	7762341	86.29	0	4905
scaffold_362	89790	3140408	34.98	0	2836
scaffold_363	89768	6172466	68.76	0	1502
scaffold_364	89618	359955	4.02	0	206
scaffold_365	89540	2597390	29.01	0	704
scaffold_366	89427	4118360	46.05	0	969
scaffold_367	89366	586832	6.57	0	287
scaffold_368	89359	7081827	79.25	0	3502
scaffold_369	89325	17718268	198.36	0	10848
scaffold_370	89248	1584566	17.75	0	1992
scaffold_371	89227	987164	11.06	0	282
scaffold_372	88943	5705740	64.15	0	2127
scaffold_373	88884	9729497	109.46	0	6812
scaffold_374	88790	1711407	19.27	0	693
scaffold_375	88669	12624801	142.38	0	1950
scaffold_376	88438	1598194	18.07	0	897
scaffold_377	88424	10264090	116.08	0	5088
scaffold_378	88414	5492624	62.12	0	2708
scaffold_379	88213	9692528	109.88	0	3196
scaffold_380	88112	4218326	47.87	0	2715
scaffold_381	87785	3755219	42.78	0	3149
scaffold_382	87710	2219857	25.31	0	773
scaffold_383	87469	9501400	108.63	0	6180
scaffold_384	87399	10251503	117.30	0	8018
scaffold_385	87346	42145479	482.51	0	40722
scaffold_386	87313	3692403	42.29	0	1520
scaffold_387	86970	4928668	56.67	0	1044
scaffold_388	86901	4799566	55.23	0	1442
scaffold_389	86889	3175048	36.54	0	3198
scaffold_390	86782	6823589	78.63	0	2082
scaffold_391	86645	14623803	168.78	0	7263
scaffold_392	86594	4449705	51.39	0	831
scaffold_393	86495	10658253	123.22	0	5658
scaffold_394	86457	4052618	46.87	0	1044
scaffold_395	86445	12479881	144.37	0	5416
scaffold_396	86366	14573982	168.75	0	4386
scaffold_397	86121	1168306	13.57	0	474
scaffold_398	85826	11603428	135.20	0	6875
scaffold_399	85785	8109006	94.53	0	3873
scaffold_400	85665	6568860	76.68	0	4019
scaffold_401	85662	7459413	87.08	0	3897
scaffold_402	85657	1825120	21.31	0	2159
scaffold_403	85585	4810240	56.20	0	3213
scaffold_404	85552	3651416	42.68	0	739
scaffold_405	85327	3725080	43.66	0	1888
scaffold_406	85305	14353396	168.26	0	11448
scaffold_407	85248	5260965	61.71	0	7479
scaffold_408	85150	11296658	132.67	0	3225
scaffold_409	85149	866211	10.17	0	670
scaffold_410	85112	9211599	108.23	0	5379
scaffold_411	85061	3266332	38.40	0	5089
scaffold_412	84686	1751855	20.69	0	382
scaffold_413	84576	2978951	35.22	0	1630
scaffold_414	84573	7571413	89.53	0	2316
scaffold_415	84393	1290460	15.29	0	805
scaffold_416	84392	1915101	22.69	0	1955
scaffold_417	84358	8055427	95.49	0	19282
scaffold_418	84232	4514461	53.60	0	5768
scaffold_419	84230	8545954	101.46	0	5423
scaffold_420	84137	5728572	68.09	0	4932
scaffold_421	83932	685632	8.17	0	399
scaffold_422	83901	5195136	61.92	0	4193
scaffold_423	83833	6627120	79.05	0	4416
scaffold_424	83551	2470547	29.57	0	608
scaffold_425	83521	7110451	85.13	0	5391
scaffold_426	83514	12969822	155.30	0	3619
scaffold_427	83490	2540838	30.43	0	7255
scaffold_428	83476	5479072	65.64	0	7085
scaffold_429	83260	582721	7.00	0	272
scaffold_430	83250	3881017	46.62	0	809
scaffold_431	83208	3282588	39.45	0	1080
scaffold_432	83188	8016387	96.36	0	2911
scaffold_433	83137	5749441	69.16	0	4703
scaffold_434	83018	5700141	68.66	0	1481
scaffold_435	82786	7504157	90.65	0	16624
scaffold_436	82326	3435125	41.73	0	635
scaffold_437	82209	2600568	31.63	0	1477
scaffold_438	82046	6862779	83.65	0	8177
scaffold_439	81762	6695109	81.89	0	2706
scaffold_440	81731	6580623	80.52	0	1439
scaffold_441	81405	5848832	71.85	0	2785
scaffold_442	81228	3536747	43.54	0	2116
scaffold_443	81217	8531259	105.04	0	13233
scaffold_444	81104	4880563	60.18	0	2675
scaffold_445	81001	7350961	90.75	0	9365
scaffold_446	80885	3627885	44.85	0	997
scaffold_447	80863	3445644	42.61	0	728
scaffold_448	80669	3031964	37.59	0	2465
scaffold_449	80633	3307968	41.02	0	5648
scaffold_450	80393	6297174	78.33	0	2140
scaffold_451	80358	3109391	38.69	0	2159
scaffold_452	80319	5007965	62.35	0	1319
scaffold_453	80250	4915662	61.25	0	2068
scaffold_454	80242	15119169	188.42	0	7906
scaffold_455	80172	11818334	147.41	0	5213
scaffold_457	80124	5363775	66.94	0	1168
scaffold_458	80106	4861517	60.69	0	2914
scaffold_459	79993	10660223	133.26	0	8260
scaffold_460	79992	1029317	12.87	0	665
scaffold_461	79984	5414371	67.69	0	3229
scaffold_462	79773	5256297	65.89	0	1411
scaffold_463	79746	4462761	55.96	0	2329
scaffold_464	79741	5000571	62.71	0	4408
scaffold_465	79658	3730682	46.83	0	1156
scaffold_466	79503	3965436	49.88	0	3638
scaffold_467	79462	8549231	107.59	0	2829
scaffold_468	79361	8619553	108.61	0	7518
scaffold_469	79173	4195869	53.00	0	2578
scaffold_470	79108	3585589	45.33	0	903
scaffold_471	79045	947799	11.99	0	629
scaffold_472	78982	918230	11.63	0	1052
scaffold_473	78973	76	0.00	0	4
scaffold_474	78940	275628	3.49	0	125
scaffold_475	78933	14130852	179.02	0	3472
scaffold_476	78896	1991704	25.24	0	643
scaffold_477	78872	4012159	50.87	0	1600
scaffold_478	78842	4649947	58.98	0	6701
scaffold_479	78760	8290466	105.26	0	7963
scaffold_480	78754	14464671	183.67	0	10301
scaffold_481	78710	9750671	123.88	0	8453
scaffold_482	78703	304	0.00	0	16
scaffold_483	78691	7041856	89.49	0	2015
scaffold_484	78467	5408201	68.92	0	2607
scaffold_485	78402	190833	2.43	0	923
scaffold_486	78267	1786399	22.82	0	829
scaffold_487	78172	11576085	148.08	0	5067
scaffold_488	78131	995097	12.74	0	370
scaffold_489	78042	5411237	69.34	0	2101
scaffold_490	78037	6285921	80.55	0	2744
scaffold_491	77797	8559864	110.03	0	10914
scaffold_492	77668	5173875	66.62	0	1243
scaffold_493	77652	8735705	112.50	0	12105
scaffold_494	77445	26718764	345.00	0	2041
scaffold_495	77314	561859	7.27	0	429
scaffold_496	77300	8828923	114.22	0	4104
scaffold_497	77211	11497311	148.91	0	5887
scaffold_498	77052	1847726	23.98	0	895
scaffold_499	76977	1367420	17.76	0	536
scaffold_500	76909	3624111	47.12	0	3567
scaffold_501	76904	3682493	47.88	0	4635
scaffold_502	76797	1976785	25.74	0	830
scaffold_503	76773	11220338	146.15	0	5473
scaffold_504	76763	8392218	109.33	0	1842
scaffold_505	76674	2013821	26.26	0	703
scaffold_506	76484	10527336	137.64	0	2646
scaffold_507	76380	3565456	46.68	0	3949
scaffold_508	76186	4650709	61.04	0	7442
scaffold_509	76116	4266913	56.06	0	1821
scaffold_510	76055	52810751	694.38	0	66617
scaffold_511	76011	226117	2.97	0	135
scaffold_512	76008	2058151	27.08	0	1949
scaffold_513	75951	1083972	14.27	0	557
scaffold_514	75890	3613867	47.62	0	1316
scaffold_515	75810	3487970	46.01	0	975
scaffold_516	75746	5395775	71.24	0	1773
scaffold_517	75744	15849505	209.25	0	5951
scaffold_518	75552	6575315	87.03	0	6493
scaffold_519	75533	4207447	55.70	0	1461
scaffold_520	75398	2960765	39.27	0	1234
scaffold_521	75398	10699648	141.91	0	10910
scaffold_522	75319	3546251	47.08	0	828
scaffold_523	75281	2498447	33.19	0	3999
scaffold_524	75174	12351913	164.31	0	11556
scaffold_525	75072	4292000	57.17	0	3907
scaffold_526	75003	5512628	73.50	0	6854
scaffold_527	74918	5922771	79.06	0	3160
scaffold_528	74880	516679	6.90	0	459
scaffold_529	74829	1541208	20.60	0	813
scaffold_530	74655	438	0.01	0	4
scaffold_531	74567	1631306	21.88	0	809
scaffold_532	74564	1667295	22.36	0	562
scaffold_533	74535	5743174	77.05	0	4422
scaffold_534	74446	953846	12.81	0	963
scaffold_535	74199	8778484	118.31	0	17196
scaffold_536	74188	2702747	36.43	0	603
scaffold_537	74047	2919971	39.43	0	2525
scaffold_538	73884	10164168	137.57	0	5762
scaffold_539	73740	7011023	95.08	0	2624
scaffold_540	73733	2998651	40.67	0	2353
scaffold_541	73593	15763460	214.20	0	4413
scaffold_542	73572	4081420	55.48	0	934
scaffold_543	73325	16587108	226.21	0	10158
scaffold_544	73260	9203749	125.63	0	6520
scaffold_545	73180	5268028	71.99	0	2810
scaffold_546	73076	2728627	37.34	0	555
scaffold_547	73071	8157049	111.63	0	5668
scaffold_548	73017	591476	8.10	0	320
scaffold_549	72967	3891586	53.33	0	1083
scaffold_550	72866	2269483	31.15	0	816
scaffold_551	72849	1978732	27.16	0	623
scaffold_552	72805	4863547	66.80	0	1777
scaffold_553	72745	6330206	87.02	0	13392
scaffold_554	72701	1026820	14.12	0	321
scaffold_555	72673	6585790	90.62	0	4257
scaffold_556	72513	1418771	19.57	0	483
scaffold_557	72437	4518530	62.38	0	1903
scaffold_558	72427	8131653	112.27	0	9585
scaffold_559	72411	1405130	19.40	0	864
scaffold_560	72402	28646981	395.67	0	6453
scaffold_561	72391	12293850	169.83	0	7349
scaffold_562	72324	413038	5.71	0	147
scaffold_563	72169	4423978	61.30	0	1858
scaffold_564	72041	5344357	74.18	0	1480
scaffold_565	71931	3208141	44.60	0	910
scaffold_566	71922	2577310	35.83	0	2126
scaffold_567	71855	4778981	66.51	0	1716
scaffold_568	71826	7040243	98.02	0	1597
scaffold_569	71813	1434850	19.98	0	871
scaffold_570	71782	6073633	84.61	0	4303
scaffold_571	71778	9770126	136.12	0	6017
scaffold_572	71711	3532529	49.26	0	1187
scaffold_573	71602	499425	6.98	0	135
scaffold_574	71566	3907096	54.59	0	2673
scaffold_575	71463	3218189	45.03	0	4288
scaffold_576	71374	1748463	24.50	0	790
scaffold_577	71307	2962960	41.55	0	1732
scaffold_578	71305	19894486	279.01	0	5475
scaffold_579	71269	1006790	14.13	0	432
scaffold_580	71217	7362585	103.38	0	2667
scaffold_581	71187	3160080	44.39	0	3702
scaffold_582	71026	4080950	57.46	0	3549
scaffold_583	70749	1215480	17.18	0	412
scaffold_584	70596	6663850	94.39	0	1733
scaffold_585	70572	6779267	96.06	0	5870
scaffold_586	70564	8648807	122.57	0	9283
scaffold_587	70475	7088026	100.58	0	4764
scaffold_588	70394	14005720	198.96	0	8315
scaffold_589	70340	6028288	85.70	0	6373
scaffold_590	70332	16192132	230.22	0	13276
scaffold_591	70326	300	0.00	0	1
scaffold_592	70307	10591266	150.64	0	8592
scaffold_593	70304	2546649	36.22	0	2687
scaffold_594	69968	2032116	29.04	0	1565
scaffold_595	69962	7478376	106.89	0	1316
scaffold_596	69839	1036307	14.84	0	462
scaffold_597	69831	862831	12.36	0	696
scaffold_598	69732	3760404	53.93	0	1069
scaffold_599	69582	6997066	100.56	0	3120
scaffold_600	69523	6457061	92.88	0	9090
scaffold_601	69499	1888936	27.18	0	1132
scaffold_603	69459	11009013	158.50	0	9529
scaffold_604	69440	6080193	87.56	0	2732
scaffold_605	69288	4678286	67.52	0	3087
scaffold_606	69226	10213313	147.54	0	11362
scaffold_607	68750	3124679	45.45	0	1740
scaffold_608	68680	3530023	51.40	0	1106
scaffold_609	68614	23467869	342.03	0	8910
scaffold_610	68556	2818901	41.12	0	1645
scaffold_611	68483	649554	9.48	0	1259
scaffold_612	68386	21876183	319.89	0	12610
scaffold_613	68370	5479101	80.14	0	956
scaffold_614	68325	3459506	50.63	0	2913
scaffold_615	68221	17029071	249.62	0	13421
scaffold_616	68198	13364102	195.96	0	13989
scaffold_617	68139	5008844	73.51	0	2908
scaffold_618	68125	11379036	167.03	0	4611
scaffold_619	68097	4518606	66.36	0	1669
scaffold_620	68023	3866753	56.84	0	1640
scaffold_621	67919	4311381	63.48	0	1890
scaffold_622	67867	2972655	43.80	0	1025
scaffold_623	67798	7010474	103.40	0	5616
scaffold_624	67788	4651468	68.62	0	1075
scaffold_625	67782	5221677	77.04	0	3531
scaffold_626	67592	2482622	36.73	0	878
scaffold_627	67495	3436004	50.91	0	2458
scaffold_628	67369	438480	6.51	0	351
scaffold_629	67329	6654131	98.83	0	3265
scaffold_630	67220	427954	6.37	0	181
scaffold_631	66999	24270782	362.26	0	2244
scaffold_632	66967	6015158	89.82	0	4592
scaffold_633	66917	8751310	130.78	0	5029
scaffold_634	66899	3321512	49.65	0	1867
scaffold_635	66869	3276640	49.00	0	4863
scaffold_636	66716	2537945	38.04	0	1102
scaffold_637	66580	745807	11.20	0	365
scaffold_638	66557	150	0.00	0	1
scaffold_639	66521	6450511	96.97	0	3891
scaffold_640	66414	2718373	40.93	0	1856
scaffold_641	66293	61	0.00	0	1
scaffold_642	66268	2879655	43.45	0	1885
scaffold_643	66248	2886764	43.58	0	1331
scaffold_644	65790	3720589	56.55	0	4216
scaffold_645	65741	300	0.00	0	2
scaffold_646	65740	3452557	52.52	0	4146
scaffold_647	65570	1275035	19.45	0	1412
scaffold_648	65482	435468	6.65	0	220
scaffold_649	65293	8116297	124.31	0	14446
scaffold_650	65278	4180425	64.04	0	2529
scaffold_651	65103	618546	9.50	0	1178
scaffold_652	65004	4169228	64.14	0	2589
scaffold_653	64738	1762500	27.23	0	426
scaffold_654	64671	1359940	21.03	0	964
scaffold_655	64447	2572787	39.92	0	1530
scaffold_656	64446	2902509	45.04	0	930
scaffold_657	64406	1337257	20.76	0	505
scaffold_658	64348	2225334	34.58	0	843
scaffold_659	64342	6847897	106.43	0	4781
scaffold_660	64289	107296	1.67	0	87
scaffold_661	64238	597735	9.31	0	593
scaffold_662	64193	4737232	73.80	0	7250
scaffold_663	64141	2620389	40.85	0	1561
scaffold_664	64034	7153961	111.72	0	12672
scaffold_665	63950	6121714	95.73	0	3857
scaffold_666	63893	463888	7.26	0	268
scaffold_667	63752	1518297	23.82	0	1155
scaffold_668	63655	1736312	27.28	0	3959
scaffold_669	63586	25427918	399.90	0	5928
scaffold_670	63524	6794749	106.96	0	5230
scaffold_671	63342	5001597	78.96	0	3104
scaffold_672	63321	2310359	36.49	0	1518
scaffold_673	63303	1086073	17.16	0	231
scaffold_674	63251	4576916	72.36	0	3462
scaffold_675	63245	1685957	26.66	0	337
scaffold_677	62857	5663537	90.10	0	3928
scaffold_678	62850	2876918	45.77	0	860
scaffold_679	62821	3026709	48.18	0	885
scaffold_680	62723	11236975	179.15	0	13216
scaffold_681	62619	3765058	60.13	0	2112
scaffold_682	62550	1353726	21.64	0	525
scaffold_683	62394	3315920	53.14	0	883
scaffold_684	62213	5082184	81.69	0	1896
scaffold_685	62186	2808247	45.16	0	1092
scaffold_686	62148	3091526	49.74	0	844
scaffold_688	61834	2490564	40.28	0	1004
scaffold_689	61734	5414987	87.71	0	6019
scaffold_690	61657	1800	0.03	0	12
scaffold_691	61593	1058546	17.19	0	439
scaffold_692	61538	1051771	17.09	0	847
scaffold_693	61441	164501	2.68	0	38
scaffold_694	60892	938223	15.41	0	482
scaffold_695	60873	2820556	46.34	0	3146
scaffold_696	60857	3426380	56.30	0	1732
scaffold_697	60707	13060666	215.14	0	15340
scaffold_698	60535	61510	1.02	0	120
scaffold_699	60521	2125012	35.11	0	1794
scaffold_700	60498	202	0.00	0	2
scaffold_701	60472	2452922	40.56	0	1033
scaffold_702	60466	3951723	65.35	0	1462
scaffold_703	60464	5113919	84.58	0	2832
scaffold_704	60398	1778611	29.45	0	856
scaffold_705	60364	2011526	33.32	0	526
scaffold_706	60320	2062814	34.20	0	983
scaffold_707	60244	12208747	202.65	0	13048
scaffold_708	60243	3220	0.05	0	22
scaffold_709	60130	6361515	105.80	0	5162
scaffold_710	60098	2524222	42.00	0	1310
scaffold_711	59985	1633168	27.23	0	1142
scaffold_712	59926	2100523	35.05	0	345
scaffold_713	59913	3634537	60.66	0	2268
scaffold_714	59855	1463726	24.45	0	652
scaffold_715	59850	6432394	107.48	0	10222
scaffold_717	59789	7387415	123.56	0	6329
scaffold_718	59782	18895	0.32	0	24
scaffold_719	59713	8089914	135.48	0	5040
scaffold_720	59521	2058853	34.59	0	475
scaffold_721	59401	2024235	34.08	0	540
scaffold_722	59376	6142138	103.44	0	8967
scaffold_723	59355	3114133	52.47	0	3686
scaffold_724	59345	1853479	31.23	0	529
scaffold_726	59042	1715946	29.06	0	980
scaffold_727	59027	9349064	158.39	0	10487
scaffold_728	58984	398612	6.76	0	1033
scaffold_729	58825	970048	16.49	0	2367
scaffold_730	58623	4416784	75.34	0	2811
scaffold_731	58569	9720967	165.97	0	13161
scaffold_732	58521	508328	8.69	0	840
scaffold_733	58431	1498709	25.65	0	589
scaffold_734	58426	3847758	65.86	0	1949
scaffold_735	58168	2829782	48.65	0	1624
scaffold_736	58142	4302453	74.00	0	6874
scaffold_737	58142	4083338	70.23	0	7011
scaffold_738	58132	28061	0.48	0	52
scaffold_739	58126	7179862	123.52	0	4230
scaffold_740	58113	2700847	46.48	0	919
scaffold_741	58065	2356425	40.58	0	6768
scaffold_742	57990	703	0.01	0	4
scaffold_743	57957	362955	6.26	0	546
scaffold_745	57681	2017683	34.98	0	3212
scaffold_746	57596	240	0.00	0	12
scaffold_747	57532	3726407	64.77	0	1160
scaffold_748	57512	1309833	22.77	0	357
scaffold_749	57466	2843845	49.49	0	1488
scaffold_751	57201	1759101	30.75	0	2108
scaffold_752	57143	2699373	47.24	0	538
scaffold_753	57061	300	0.01	0	1
scaffold_754	56985	2550	0.04	0	4
scaffold_755	56964	2915940	51.19	0	3843
scaffold_756	56889	5815398	102.22	0	3419
scaffold_757	56859	6097882	107.25	0	3704
scaffold_758	56693	679361	11.98	0	418
scaffold_759	56666	2305991	40.69	0	1925
scaffold_760	56587	1202390	21.25	0	1101
scaffold_761	56334	12879426	228.63	0	14443
scaffold_762	56262	7554694	134.28	0	3881
scaffold_763	55998	1981953	35.39	0	909
scaffold_764	55891	13041438	233.34	0	8665
scaffold_765	55818	1248	0.02	0	8
scaffold_766	55817	526391	9.43	0	977
scaffold_767	55794	8831238	158.28	0	3867
scaffold_768	55752	91749	1.65	0	36
scaffold_769	55668	1947037	34.98	0	4794
scaffold_770	55644	200620	3.61	0	414
scaffold_771	55643	3179755	57.15	0	4270
scaffold_773	55544	922345	16.61	0	1372
scaffold_774	55311	3508867	63.44	0	1913
scaffold_775	55242	3645468	65.99	0	1361
scaffold_776	55206	2187108	39.62	0	2095
scaffold_777	55107	3044117	55.24	0	2147
scaffold_778	54977	184804	3.36	0	251
scaffold_779	54961	5103966	92.87	0	7727
scaffold_780	54878	2971441	54.15	0	1915
scaffold_782	54830	5272444	96.16	0	1868
scaffold_783	54758	2334906	42.64	0	1589
scaffold_785	54479	4201726	77.13	0	2152
scaffold_786	54407	1655509	30.43	0	1519
scaffold_787	54297	4492940	82.75	0	2240
scaffold_788	54274	2976781	54.85	0	1011
scaffold_789	54268	1652631	30.45	0	364
scaffold_790	54152	144381	2.67	0	76
scaffold_792	53927	19051761	353.29	0	12340
scaffold_793	53755	3172805	59.02	0	955
scaffold_794	53719	46867	0.87	0	32
scaffold_797	53481	235820	4.41	0	163
scaffold_798	53406	2197711	41.15	0	685
scaffold_799	53280	2099	0.04	0	4
scaffold_801	53145	6332199	119.15	0	2327
scaffold_802	52982	1181953	22.31	0	395
scaffold_803	52972	7747830	146.26	0	6633
scaffold_804	52859	4783710	90.50	0	5081
scaffold_806	52460	3554809	67.76	0	4106
scaffold_807	52451	216580	4.13	0	273
scaffold_808	52419	102083	1.95	0	22
scaffold_810	52345	2954404	56.44	0	1733
scaffold_811	52265	2252203	43.09	0	1088
scaffold_812	52206	8995237	172.30	0	9579
scaffold_813	52178	1827044	35.02	0	905
scaffold_814	51910	5828160	112.27	0	1877
scaffold_815	51908	1451968	27.97	0	2337
scaffold_818	51784	2194143	42.37	0	779
scaffold_820	51611	2137277	41.41	0	576
scaffold_821	51517	5076	0.10	0	22
scaffold_822	51483	2003132	38.91	0	1026
scaffold_823	51462	56514	1.10	0	101
scaffold_825	51356	2216	0.04	0	2
scaffold_826	51295	20398252	397.67	0	2439
scaffold_827	51273	176	0.00	0	2
scaffold_829	51105	590373	11.55	0	1111
scaffold_830	51104	12023301	235.27	0	12816
scaffold_831	51100	3310576	64.79	0	4434
scaffold_832	51067	219683	4.30	0	219
scaffold_833	51065	715323	14.01	0	151
scaffold_834	51021	4751596	93.13	0	4591
scaffold_835	50895	10276524	201.92	0	12010
scaffold_836	50881	15299	0.30	0	37
scaffold_837	50869	1003322	19.72	0	427
scaffold_838	50831	2079486	40.91	0	2392
scaffold_839	50766	1695	0.03	0	8
scaffold_840	50712	4291108	84.62	0	1459
scaffold_841	50612	6491535	128.26	0	4761
scaffold_842	50600	2920664	57.72	0	3095
scaffold_844	50538	4857476	96.12	0	6130
scaffold_845	50491	5089534	100.80	0	2447
scaffold_847	50450	43	0.00	0	1
scaffold_849	50422	105472	2.09	0	81
scaffold_850	50383	414923	8.24	0	178
scaffold_851	50254	2779	0.06	0	3
scaffold_852	50158	2871942	57.26	0	1670
scaffold_853	50112	1233246	24.61	0	582
scaffold_854	50098	2748018	54.85	0	1707
scaffold_855	50094	2223522	44.39	0	1478
scaffold_856	50014	2496413	49.91	0	1132
scaffold_857	49996	2528859	50.58	0	1376
scaffold_859	49744	56356	1.13	0	32
scaffold_863	49461	90270	1.83	0	83
scaffold_864	49448	4631	0.09	0	72
scaffold_865	49437	6040273	122.18	0	3970
scaffold_866	49383	7771864	157.38	0	6369
scaffold_867	49372	17535767	355.18	0	24377
scaffold_868	49329	2034674	41.25	0	1749
scaffold_869	49269	3450387	70.03	0	2591
scaffold_870	49260	223244	4.53	0	58
scaffold_871	49061	1350	0.03	0	4
scaffold_873	48872	509050	10.42	0	2077
scaffold_874	48862	703943	14.41	0	590
scaffold_875	48852	4498440	92.08	0	5719
scaffold_876	48815	3812440	78.10	0	1698
scaffold_878	48685	93	0.00	0	1
scaffold_881	48290	5400	0.11	0	10
scaffold_882	48264	1555009	32.22	0	961
scaffold_883	48185	443503	9.20	0	119
scaffold_884	48166	3510	0.07	0	4
scaffold_885	48147	405863	8.43	0	406
scaffold_886	48119	3309059	68.77	0	1198
scaffold_889	47968	216597	4.52	0	83
scaffold_890	47823	3625788	75.82	0	1858
scaffold_891	47774	883004	18.48	0	478
scaffold_892	47671	2785700	58.44	0	1842
scaffold_893	47563	748050	15.73	0	837
scaffold_894	47557	101302	2.13	0	96
scaffold_895	47557	558867	11.75	0	301
scaffold_896	47464	16863	0.36	0	57
scaffold_897	47444	1933396	40.75	0	1366
scaffold_898	47377	1707009	36.03	0	1990
scaffold_899	47320	300	0.01	0	2
scaffold_900	47289	2360113	49.91	0	807
scaffold_901	47139	2030831	43.08	0	915
scaffold_902	47123	1144	0.02	0	13
scaffold_903	47111	4511229	95.76	0	4061
scaffold_904	47098	5339867	113.38	0	5704
scaffold_905	47068	598633	12.72	0	937
scaffold_906	47036	6181415	131.42	0	12325
scaffold_907	46971	419187	8.92	0	531
scaffold_908	46940	562611	11.99	0	439
scaffold_909	46880	12708588	271.09	0	13105
scaffold_910	46797	952429	20.35	0	370
scaffold_911	46684	2125625	45.53	0	1471
scaffold_912	46656	3781777	81.06	0	2656
scaffold_913	46599	513191	11.01	0	734
scaffold_914	46545	6751408	145.05	0	5162
scaffold_916	46405	1833958	39.52	0	1439
scaffold_917	46395	2029080	43.73	0	1349
scaffold_918	46393	2280343	49.15	0	531
scaffold_920	46341	1017594	21.96	0	676
scaffold_922	46241	166	0.00	0	2
scaffold_923	46211	1637577	35.44	0	936
scaffold_924	46100	800045	17.35	0	2096
scaffold_928	45949	101826	2.22	0	155
scaffold_929	45912	1152	0.03	0	2
scaffold_930	45842	384956	8.40	0	131
scaffold_931	45789	3097846	67.65	0	4825
scaffold_932	45650	1747593	38.28	0	1616
scaffold_936	45548	426743	9.37	0	247
scaffold_937	45511	6791529	149.23	0	9980
scaffold_939	45385	1200	0.03	0	8
scaffold_941	45332	386843	8.53	0	390
scaffold_942	45299	8797539	194.21	0	7283
scaffold_944	45189	2530130	55.99	0	1117
scaffold_945	45148	592	0.01	0	4
scaffold_946	45074	281661	6.25	0	296
scaffold_949	45001	1042099	23.16	0	1578
scaffold_953	44804	1108689	24.75	0	736
scaffold_954	44802	1197802	26.74	0	627
scaffold_956	44669	341641	7.65	0	296
scaffold_957	44611	1647937	36.94	0	968
scaffold_958	44429	732036	16.48	0	1067
scaffold_960	44383	216284	4.87	0	204
scaffold_961	44345	238396	5.38	0	208
scaffold_962	44276	882376	19.93	0	2825
scaffold_963	44272	550383	12.43	0	874
scaffold_964	44185	1138536	25.77	0	867
scaffold_965	44058	1500	0.03	0	10
scaffold_967	43946	1465206	33.34	0	912
scaffold_968	43942	125312	2.85	0	45
scaffold_969	43928	190590	4.34	0	1140
scaffold_970	43867	1430508	32.61	0	930
scaffold_972	43773	150	0.00	0	1
scaffold_973	43723	239981	5.49	0	239
scaffold_974	43657	397404	9.10	0	244
scaffold_975	43600	498247	11.43	0	263
scaffold_977	43535	522327	12.00	0	857
scaffold_978	43493	6544148	150.46	0	2658
scaffold_980	43366	18310	0.42	0	35
scaffold_981	43309	20732	0.48	0	20
scaffold_982	43285	319704	7.39	0	397
scaffold_984	43217	575577	13.32	0	725
scaffold_985	43109	119447	2.77	0	413
scaffold_986	43064	1941804	45.09	0	2059
scaffold_987	43046	90014	2.09	0	28
scaffold_988	42979	58593	1.36	0	66
scaffold_989	42947	5481387	127.63	0	1891
scaffold_990	42916	2009021	46.81	0	1473
scaffold_991	42902	357976	8.34	0	167
scaffold_992	42853	9732	0.23	0	12
scaffold_993	42731	4001908	93.65	0	6233
scaffold_995	42608	8689	0.20	0	13
scaffold_996	42603	2381463	55.90	0	732
scaffold_997	42579	287468	6.75	0	270
scaffold_998	42539	544	0.01	0	4
scaffold_1000	42426	694	0.02	0	2
scaffold_1001	42392	910446	21.48	0	1044
scaffold_1002	42336	291916	6.90	0	205
scaffold_1003	42275	400988	9.49	0	314
scaffold_1004	42261	1780	0.04	0	8
scaffold_1006	42194	3686	0.09	0	7
scaffold_1007	42148	262593	6.23	0	654
scaffold_1008	42072	1242	0.03	0	2
scaffold_1009	42043	291	0.01	0	3
scaffold_1010	41962	2137184	50.93	0	1132
scaffold_1012	41897	2139	0.05	0	14
scaffold_1013	41865	4331682	103.47	0	3005
scaffold_1014	41832	253243	6.05	0	519
scaffold_1015	41827	1200	0.03	0	8
scaffold_1016	41753	141692	3.39	0	130
scaffold_1017	41741	974681	23.35	0	436
scaffold_1018	41700	1835765	44.02	0	1280
scaffold_1019	41678	2278282	54.66	0	1023
scaffold_1020	41648	2491985	59.83	0	2874
scaffold_1021	41646	821461	19.72	0	216
scaffold_1022	41631	342	0.01	0	18
scaffold_1023	41608	2379250	57.18	0	3340
scaffold_1024	41607	300	0.01	0	1
scaffold_1025	41593	2022	0.05	0	106
scaffold_1027	41413	3059023	73.87	0	3324
scaffold_1030	41248	1402374	34.00	0	920
scaffold_1032	41145	4731273	114.99	0	1943
scaffold_1033	41143	729434	17.73	0	305
scaffold_1035	40918	1285266	31.41	0	1013
scaffold_1037	40893	436900	10.68	0	431
scaffold_1038	40883	611843	14.97	0	415
scaffold_1039	40869	515371	12.61	0	869
scaffold_1041	40838	1135178	27.80	0	935
scaffold_1042	40821	185912	4.55	0	148
scaffold_1043	40791	3699713	90.70	0	4255
scaffold_1044	40784	1035065	25.38	0	787
scaffold_1045	40724	27335	0.67	0	15
scaffold_1046	40705	3079257	75.65	0	2684
scaffold_1047	40686	36018	0.89	0	33
scaffold_1048	40675	1982005	48.73	0	1214
scaffold_1050	40599	1287117	31.70	0	3836
scaffold_1052	40582	366678	9.04	0	257
scaffold_1053	40494	1753983	43.31	0	2112
scaffold_1054	40461	135545	3.35	0	235
scaffold_1057	40401	1335642	33.06	0	1181
scaffold_1058	40348	13583605	336.66	0	1264
scaffold_1059	40269	1281306	31.82	0	2997
scaffold_1060	40178	978535	24.35	0	966
scaffold_1061	40067	1741711	43.47	0	1633
scaffold_1062	39962	75484	1.89	0	23
scaffold_1064	39906	1390055	34.83	0	479
scaffold_1066	39754	801103	20.15	0	1024
scaffold_1068	39721	2928	0.07	0	7
scaffold_1069	39707	2181593	54.94	0	1535
scaffold_1070	39665	869120	21.91	0	980
scaffold_1071	39634	60697	1.53	0	24
scaffold_1072	39572	1140423	28.82	0	824
scaffold_1076	39420	150	0.00	0	1
scaffold_1077	39410	2028523	51.47	0	936
scaffold_1078	39400	112995	2.87	0	118
scaffold_1079	39335	364832	9.27	0	268
scaffold_1082	39209	247834	6.32	0	139
scaffold_1083	39173	1500	0.04	0	10
scaffold_1084	39127	776561	19.85	0	471
scaffold_1085	39125	1370518	35.03	0	1804
scaffold_1088	39008	14322559	367.17	0	10957
scaffold_1089	38994	62934	1.61	0	163
scaffold_1090	38961	1013627	26.02	0	1167
scaffold_1091	38949	2944640	75.60	0	2023
scaffold_1092	38943	69387	1.78	0	42
scaffold_1093	38937	199227	5.12	0	121
scaffold_1094	38868	212678	5.47	0	211
scaffold_1095	38798	526910	13.58	0	265
scaffold_1096	38776	99	0.00	0	1
scaffold_1098	38742	1108162	28.60	0	376
scaffold_1099	38706	2891960	74.72	0	744
scaffold_1100	38684	126642	3.27	0	43
scaffold_1101	38659	760201	19.66	0	627
scaffold_1102	38657	1114948	28.84	0	1636
scaffold_1103	38624	205320	5.32	0	60
scaffold_1104	38593	300	0.01	0	2
scaffold_1105	38579	76218	1.98	0	48
scaffold_1106	38501	1615246	41.95	0	893
scaffold_1107	38485	300	0.01	0	2
scaffold_1110	38357	482593	12.58	0	270
scaffold_1111	38270	1541557	40.28	0	2203
scaffold_1112	38261	1071126	28.00	0	864
scaffold_1115	37918	151312	3.99	0	133
scaffold_1116	37893	4014929	105.95	0	4111
scaffold_1117	37862	41518	1.10	0	33
scaffold_1118	37859	202	0.01	0	2
scaffold_1119	37795	1120014	29.63	0	748
scaffold_1120	37772	314944	8.34	0	692
scaffold_1121	37733	438468	11.62	0	450
scaffold_1122	37722	1800	0.05	0	10
scaffold_1124	37557	5854149	155.87	0	9609
scaffold_1126	37486	104992	2.80	0	54
scaffold_1127	37463	64277	1.72	0	183
scaffold_1129	37447	333355	8.90	0	317
scaffold_1130	37447	1235	0.03	0	2
scaffold_1132	37432	41736	1.11	0	45
scaffold_1133	37425	119482	3.19	0	293
scaffold_1134	37401	2850149	76.21	0	1774
scaffold_1135	37313	44542	1.19	0	23
scaffold_1136	37306	975487	26.15	0	688
scaffold_1137	37289	113912	3.05	0	297
scaffold_1138	37256	206633	5.55	0	290
scaffold_1139	37145	982413	26.45	0	446
scaffold_1140	37125	4836047	130.26	0	4827
scaffold_1141	37101	3320	0.09	0	9
scaffold_1142	37092	119923	3.23	0	102
scaffold_1143	37073	302745	8.17	0	139
scaffold_1144	37073	2751543	74.22	0	935
scaffold_1145	37026	3322	0.09	0	18
scaffold_1147	36993	1759494	47.56	0	1177
scaffold_1150	36950	3739086	101.19	0	3152
scaffold_1151	36948	83330	2.26	0	68
scaffold_1154	36878	3600	0.10	0	8
scaffold_1155	36842	5885027	159.74	0	6703
scaffold_1156	36825	30171232	819.31	0	103229
scaffold_1159	36786	118872	3.23	0	116
scaffold_1160	36753	381648	10.38	0	126
scaffold_1163	36727	1352203	36.82	0	648
scaffold_1165	36713	115259	3.14	0	44
scaffold_1166	36678	1242954	33.89	0	503
scaffold_1167	36662	893207	24.36	0	214
scaffold_1168	36659	8819	0.24	0	25
scaffold_1169	36656	765875	20.89	0	364
scaffold_1170	36648	522745	14.26	0	509
scaffold_1171	36576	2227	0.06	0	26
scaffold_1172	36485	624	0.02	0	6
scaffold_1173	36450	1018245	27.94	0	2635
scaffold_1174	36444	713506	19.58	0	356
scaffold_1175	36374	135031	3.71	0	88
scaffold_1176	36289	3395546	93.57	0	2489
scaffold_1177	36259	3791601	104.57	0	6002
scaffold_1178	36192	13905832	384.22	0	2413
scaffold_1180	36171	3793133	104.87	0	4146
scaffold_1182	36156	273	0.01	0	14
scaffold_1183	36120	7393	0.20	0	14
scaffold_1184	36101	3863	0.11	0	192
scaffold_1185	36062	23970	0.66	0	107
scaffold_1187	36026	227982	6.33	0	393
scaffold_1189	35928	126	0.00	0	1
scaffold_1190	35884	4040654	112.60	0	2516
scaffold_1192	35807	86819	2.42	0	57
scaffold_1193	35804	963523	26.91	0	605
scaffold_1194	35683	563452	15.79	0	375
scaffold_1196	35600	101592	2.85	0	124
scaffold_1199	35563	151503	4.26	0	627
scaffold_1200	35562	6560539	184.48	0	9791
scaffold_1201	35528	1377752	38.78	0	1417
scaffold_1202	35502	276	0.01	0	2
scaffold_1203	35483	1774098	50.00	0	2598
scaffold_1204	35472	397372	11.20	0	911
scaffold_1205	35468	38	0.00	0	2
scaffold_1206	35456	695023	19.60	0	597
scaffold_1209	35414	31228	0.88	0	36
scaffold_1210	35396	879499	24.85	0	537
scaffold_1212	35382	1868514	52.81	0	2889
scaffold_1213	35362	102049	2.89	0	95
scaffold_1214	35352	322	0.01	0	14
scaffold_1215	35331	631592	17.88	0	1991
scaffold_1216	35309	4781665	135.42	0	3480
scaffold_1217	35280	13119990	371.88	0	2357
scaffold_1218	35233	575354	16.33	0	1056
scaffold_1219	35223	3007	0.09	0	5
scaffold_1220	35205	2110619	59.95	0	5691
scaffold_1223	35098	1381788	39.37	0	3771
scaffold_1224	34959	42094	1.20	0	31
scaffold_1226	34914	15826	0.45	0	8
scaffold_1228	34868	1518675	43.55	0	2313
scaffold_1229	34809	568	0.02	0	2
scaffold_1230	34788	152634	4.39	0	146
scaffold_1231	34787	5448	0.16	0	18
scaffold_1233	34682	391411	11.29	0	304
scaffold_1234	34652	108922	3.14	0	52
scaffold_1236	34595	1771152	51.20	0	1292
scaffold_1237	34562	17688594	511.79	0	21567
scaffold_1238	34559	5165	0.15	0	10
scaffold_1239	34515	900	0.03	0	2
scaffold_1240	34480	2549799	73.95	0	3294
scaffold_1241	34474	303321	8.80	0	285
scaffold_1242	34472	11982870	347.61	0	30176
scaffold_1245	34432	2680840	77.86	0	1941
scaffold_1246	34427	2027801	58.90	0	1015
scaffold_1247	34417	236184	6.86	0	287
scaffold_1248	34392	684794	19.91	0	1023
scaffold_1255	34221	2458	0.07	0	15
scaffold_1256	34219	900441	26.31	0	2207
scaffold_1260	34052	767449	22.54	0	1266
scaffold_1261	34049	417605	12.26	0	965
scaffold_1262	34019	30	0.00	0	1
scaffold_1265	33935	2016488	59.42	0	759
scaffold_1266	33931	2466	0.07	0	6
scaffold_1267	33929	21866	0.64	0	54
scaffold_1269	33879	153376	4.53	0	101
scaffold_1271	33821	1460479	43.18	0	2922
scaffold_1273	33736	77500	2.30	0	53
scaffold_1274	33667	22214	0.66	0	31
scaffold_1276	33642	45770	1.36	0	190
scaffold_1278	33597	3600	0.11	0	14
scaffold_1279	33544	49231	1.47	0	32
scaffold_1281	33488	2583697	77.15	0	1288
scaffold_1282	33470	664	0.02	0	5
scaffold_1283	33457	359	0.01	0	2
scaffold_1284	33455	507369	15.17	0	556
scaffold_1285	33441	3036911	90.81	0	1655
scaffold_1286	33411	101137	3.03	0	45
scaffold_1287	33339	77175	2.31	0	132
scaffold_1288	33262	612071	18.40	0	948
scaffold_1290	33244	300	0.01	0	2
scaffold_1291	33197	1142222	34.41	0	3584
scaffold_1292	33181	844308	25.45	0	482
scaffold_1294	33112	900	0.03	0	2
scaffold_1295	33104	425777	12.86	0	1332
scaffold_1296	33097	1541	0.05	0	6
scaffold_1297	33091	147	0.00	0	1
scaffold_1298	33073	22730	0.69	0	22
scaffold_1302	32970	496874	15.07	0	820
scaffold_1303	32940	2092666	63.53	0	1520
scaffold_1304	32910	558099	16.96	0	519
scaffold_1306	32871	140087	4.26	0	267
scaffold_1307	32870	562343	17.11	0	947
scaffold_1309	32794	31525	0.96	0	48
scaffold_1310	32776	133551	4.07	0	220
scaffold_1312	32659	735922	22.53	0	217
scaffold_1313	32655	3653	0.11	0	14
scaffold_1315	32598	15468	0.47	0	65
scaffold_1316	32591	150	0.00	0	1
scaffold_1317	32585	1584466	48.63	0	1039
scaffold_1318	32577	55691	1.71	0	77
scaffold_1319	32558	634	0.02	0	4
scaffold_1321	32553	715	0.02	0	10
scaffold_1324	32498	1103856	33.97	0	1204
scaffold_1329	32338	891119	27.56	0	688
scaffold_1331	32312	1320636	40.87	0	1003
scaffold_1332	32292	150	0.00	0	1
scaffold_1333	32235	369879	11.47	0	311
scaffold_1334	32204	1594146	49.50	0	1388
scaffold_1336	32165	36555	1.14	0	47
scaffold_1338	32126	63825	1.99	0	24
scaffold_1341	32083	9630	0.30	0	25
scaffold_1342	32081	176	0.01	0	2
scaffold_1343	32078	44488	1.39	0	106
scaffold_1346	32033	66321	2.07	0	142
scaffold_1347	32022	8805	0.27	0	16
scaffold_1351	31956	37800	1.18	0	131
scaffold_1352	31914	76649	2.40	0	77
scaffold_1354	31843	18858	0.59	0	28
scaffold_1355	31832	91	0.00	0	1
scaffold_1358	31744	57875	1.82	0	110
scaffold_1359	31718	28492	0.90	0	38
scaffold_1361	31629	33606	1.06	0	34
scaffold_1362	31625	2886	0.09	0	24
scaffold_1363	31583	233177	7.38	0	106
scaffold_1364	31581	291958	9.24	0	819
scaffold_1366	31542	100017	3.17	0	181
scaffold_1367	31491	16128032	512.15	0	38877
scaffold_1368	31457	241221	7.67	0	167
scaffold_1373	31365	2400	0.08	0	14
scaffold_1374	31354	23959	0.76	0	31
scaffold_1375	31343	338	0.01	0	3
scaffold_1376	31308	320704	10.24	0	310
scaffold_1379	31276	2118341	67.73	0	4281
scaffold_1380	31264	1816	0.06	0	8
scaffold_1384	31231	907703	29.06	0	947
scaffold_1386	31218	2208600	70.75	0	820
scaffold_1387	31216	465924	14.93	0	295
scaffold_1388	31195	300	0.01	0	1
scaffold_1389	31185	1981874	63.55	0	2374
scaffold_1390	31181	96717	3.10	0	221
scaffold_1392	31160	841105	26.99	0	480
scaffold_1393	31119	3461153	111.22	0	891
scaffold_1394	31072	1491517	48.00	0	3724
scaffold_1395	31041	491434	15.83	0	300
scaffold_1397	31021	346787	11.18	0	250
scaffold_1398	31013	300	0.01	0	1
scaffold_1401	30914	569429	18.42	0	317
scaffold_1403	30895	48696	1.58	0	24
scaffold_1404	30884	329442	10.67	0	259
scaffold_1406	30854	2403556	77.90	0	5695
scaffold_1407	30837	1869110	60.61	0	676
scaffold_1410	30794	1702	0.06	0	5
scaffold_1416	30771	1331890	43.28	0	1603
scaffold_1417	30724	378267	12.31	0	1333
scaffold_1419	30707	47556	1.55	0	92
scaffold_1422	30638	67828	2.21	0	34
scaffold_1423	30633	2192670	71.58	0	7558
scaffold_1424	30562	1404121	45.94	0	679
scaffold_1426	30537	397738	13.02	0	370
scaffold_1428	30509	300	0.01	0	2
scaffold_1429	30486	2561767	84.03	0	1922
scaffold_1431	30444	162083	5.32	0	211
scaffold_1433	30397	660725	21.74	0	943
scaffold_1434	30394	220445	7.25	0	234
scaffold_1435	30386	581813	19.15	0	567
scaffold_1436	30365	1619890	53.35	0	1098
scaffold_1437	30355	2055081	67.70	0	1816
scaffold_1439	30326	54400	1.79	0	70
scaffold_1443	30121	1327979	44.09	0	923
scaffold_1444	30117	33755	1.12	0	54
scaffold_1447	30042	34324	1.14	0	53
scaffold_1452	29908	1584423	52.98	0	4595
scaffold_1453	29907	5242496	175.29	0	2004
scaffold_1455	29892	3097	0.10	0	8
scaffold_1456	29859	2366085	79.24	0	3139
scaffold_1458	29841	1776862	59.54	0	3781
scaffold_1459	29797	147036	4.93	0	162
scaffold_1460	29787	30482	1.02	0	123
scaffold_1461	29770	3129	0.11	0	17
scaffold_1463	29748	1103388	37.09	0	864
scaffold_1465	29738	107	0.00	0	4
scaffold_1467	29728	186846	6.29	0	348
scaffold_1468	29725	48903	1.65	0	81
scaffold_1472	29686	1416	0.05	0	8
scaffold_1474	29631	410467	13.85	0	838
scaffold_1475	29625	766789	25.88	0	605
scaffold_1477	29611	192666	6.51	0	745
scaffold_1479	29590	2850	0.10	0	4
scaffold_1481	29537	35449	1.20	0	24
scaffold_1482	29535	75	0.00	0	1
scaffold_1485	29501	65859	2.23	0	77
scaffold_1487	29424	46170	1.57	0	136
scaffold_1488	29412	391394	13.31	0	517
scaffold_1489	29390	36578	1.24	0	57
scaffold_1490	29350	139916	4.77	0	106
scaffold_1491	29338	5167	0.18	0	6
scaffold_1492	29310	172316	5.88	0	154
scaffold_1493	29215	222	0.01	0	1
scaffold_1494	29186	7997	0.27	0	20
scaffold_1495	29180	32461	1.11	0	55
scaffold_1497	29163	19806	0.68	0	74
scaffold_1500	29117	300	0.01	0	2
scaffold_1501	29092	31977	1.10	0	34
scaffold_1502	29090	1756567	60.38	0	1474
scaffold_1503	29082	1621182	55.75	0	510
scaffold_1504	29079	59734	2.05	0	32
scaffold_1508	28998	2571210	88.67	0	3466
scaffold_1509	28985	12022	0.41	0	24
scaffold_1510	28961	215174	7.43	0	213
scaffold_1511	28939	774300	26.76	0	789
scaffold_1512	28931	1413590	48.86	0	1224
scaffold_1514	28909	38	0.00	0	1
scaffold_1515	28907	83470	2.89	0	50
scaffold_1516	28899	666070	23.05	0	748
scaffold_1518	28874	2939511	101.80	0	3251
scaffold_1519	28857	510	0.02	0	6
scaffold_1520	28811	10900	0.38	0	58
scaffold_1521	28761	1026	0.04	0	3
scaffold_1523	28753	1103	0.04	0	58
scaffold_1525	28746	16041	0.56	0	23
scaffold_1526	28703	1791391	62.41	0	1460
scaffold_1527	28641	638940	22.31	0	459
scaffold_1528	28634	12847	0.45	0	17
scaffold_1529	28621	39907	1.39	0	35
scaffold_1530	28590	2346395	82.07	0	1216
scaffold_1531	28552	456	0.02	0	22
scaffold_1534	28513	1579279	55.39	0	1361
scaffold_1536	28423	883958	31.10	0	703
scaffold_1539	28383	349583	12.32	0	274
scaffold_1543	28330	56926	2.01	0	98
scaffold_1544	28327	5080	0.18	0	14
scaffold_1545	28326	15577	0.55	0	15
scaffold_1549	28283	1031913	36.49	0	387
scaffold_1551	28208	1262	0.04	0	4
scaffold_1552	28204	491358	17.42	0	306
scaffold_1553	28197	18147	0.64	0	48
scaffold_1555	28155	7360	0.26	0	16
scaffold_1556	28154	284	0.01	0	4
scaffold_1558	28138	648310	23.04	0	279
scaffold_1559	28125	898	0.03	0	2
scaffold_1560	28118	10806	0.38	0	16
scaffold_1561	28116	4074445	144.92	0	3867
scaffold_1562	28100	4741	0.17	0	27
scaffold_1563	28095	330	0.01	0	2
scaffold_1564	28064	878634	31.31	0	629
scaffold_1567	28042	845881	30.16	0	665
scaffold_1568	28036	1702280	60.72	0	1267
scaffold_1570	27992	616885	22.04	0	371
scaffold_1571	27979	137226	4.90	0	127
scaffold_1572	27979	4317769	154.32	0	7121
scaffold_1573	27967	1536297	54.93	0	1134
scaffold_1576	27894	1168790	41.90	0	817
scaffold_1578	27853	392	0.01	0	10
scaffold_1579	27812	639599	23.00	0	637
scaffold_1583	27758	147	0.01	0	1
scaffold_1586	27747	1443833	52.04	0	1274
scaffold_1588	27713	2508	0.09	0	10
scaffold_1591	27636	634376	22.95	0	432
scaffold_1593	27616	1025521	37.14	0	398
scaffold_1594	27573	12213	0.44	0	16
scaffold_1601	27483	131506	4.78	0	67
scaffold_1603	27467	2627	0.10	0	7
scaffold_1605	27459	57131	2.08	0	44
scaffold_1606	27428	173873	6.34	0	1085
scaffold_1611	27296	43	0.00	0	1
scaffold_1612	27291	64400	2.36	0	60
scaffold_1613	27287	374717	13.73	0	1083
scaffold_1615	27272	259535	9.52	0	346
scaffold_1616	27230	389446	14.30	0	217
scaffold_1617	27225	110764	4.07	0	129
scaffold_1619	27181	150	0.01	0	1
scaffold_1620	27179	243855	8.97	0	220
scaffold_1622	27161	2400	0.09	0	4
scaffold_1623	27160	212271	7.82	0	251
scaffold_1625	27126	13492	0.50	0	33
scaffold_1627	27081	935588	34.55	0	2409
scaffold_1630	27067	29168	1.08	0	150
scaffold_1632	27041	1809951	66.93	0	2716
scaffold_1635	26986	348965	12.93	0	462
scaffold_1640	26902	165361	6.15	0	179
scaffold_1641	26897	153	0.01	0	8
scaffold_1643	26838	219591	8.18	0	167
scaffold_1645	26790	387177	14.45	0	890
scaffold_1646	26786	143622	5.36	0	91
scaffold_1647	26781	15594	0.58	0	27
scaffold_1650	26703	202	0.01	0	2
scaffold_1653	26617	492144	18.49	0	346
scaffold_1655	26585	9605	0.36	0	38
scaffold_1656	26546	1709391	64.39	0	2271
scaffold_1657	26540	39	0.00	0	2
scaffold_1660	26499	42636	1.61	0	66
scaffold_1661	26493	186621	7.04	0	58
scaffold_1663	26486	853540	32.23	0	1227
scaffold_1664	26483	2070588	78.19	0	602
scaffold_1665	26481	2028	0.08	0	6
scaffold_1666	26446	5052630	191.05	0	3471
scaffold_1668	26415	1590	0.06	0	10
scaffold_1671	26373	147	0.01	0	1
scaffold_1673	26351	2965312	112.53	0	3655
scaffold_1676	26307	10736	0.41	0	31
scaffold_1678	26264	486473	18.52	0	311
scaffold_1681	26254	619155	23.58	0	643
scaffold_1684	26196	32321	1.23	0	45
scaffold_1691	25961	3729906	143.67	0	2163
scaffold_1692	25956	1403898	54.09	0	864
scaffold_1693	25947	18972	0.73	0	16
scaffold_1694	25944	2659975	102.53	0	2815
scaffold_1695	25891	253580	9.79	0	379
scaffold_1696	25863	1362192	52.67	0	1210
scaffold_1697	25859	1721541	66.57	0	1050
scaffold_1698	25836	120	0.00	0	3
scaffold_1699	25827	48055	1.86	0	41
scaffold_1701	25816	520697	20.17	0	246
scaffold_1702	25813	36929	1.43	0	92
scaffold_1704	25752	227	0.01	0	4
scaffold_1706	25743	156325	6.07	0	119
scaffold_1708	25722	1765	0.07	0	12
scaffold_1710	25716	31529	1.23	0	70
scaffold_1711	25709	9757	0.38	0	6
scaffold_1713	25679	51367	2.00	0	43
scaffold_1714	25673	266286	10.37	0	259
scaffold_1715	25635	645367	25.18	0	852
scaffold_1716	25630	57077	2.23	0	281
scaffold_1718	25614	118944	4.64	0	99
scaffold_1719	25591	338705	13.24	0	901
scaffold_1720	25578	14891	0.58	0	20
scaffold_1721	25572	29500	1.15	0	39
scaffold_1728	25495	1800	0.07	0	10
scaffold_1729	25477	1203373	47.23	0	629
scaffold_1732	25431	67966	2.67	0	40
scaffold_1734	25413	1582005	62.25	0	685
scaffold_1736	25369	68353	2.69	0	110
scaffold_1738	25358	512288	20.20	0	316
scaffold_1739	25357	278118	10.97	0	350
scaffold_1740	25347	69696	2.75	0	95
scaffold_1741	25340	186774	7.37	0	162
scaffold_1743	25331	2719519	107.36	0	2692
scaffold_1744	25310	820	0.03	0	3
scaffold_1746	25301	328993	13.00	0	268
scaffold_1747	25295	10893	0.43	0	7
scaffold_1748	25294	607309	24.01	0	404
scaffold_1750	25279	579	0.02	0	2
scaffold_1752	25260	201611	7.98	0	483
scaffold_1753	25256	2980021	117.99	0	4946
scaffold_1754	25248	684514	27.11	0	578
scaffold_1755	25245	945669	37.46	0	1059
scaffold_1756	25242	61	0.00	0	1
scaffold_1759	25171	628847	24.98	0	275
scaffold_1760	25130	9946	0.40	0	19
scaffold_1766	24999	1200	0.05	0	8
scaffold_1768	24968	35114	1.41	0	60
scaffold_1769	24965	1514464	60.66	0	3000
scaffold_1770	24957	652	0.03	0	16
scaffold_1773	24928	792461	31.79	0	792
scaffold_1775	24911	25095949	1007.42	0	61887
scaffold_1776	24901	58183	2.34	0	163
scaffold_1780	24866	2197269	88.36	0	2253
scaffold_1781	24850	954412	38.41	0	1745
scaffold_1782	24847	803329	32.33	0	424
scaffold_1783	24846	2831	0.11	0	12
scaffold_1784	24813	4979	0.20	0	20
scaffold_1787	24784	600	0.02	0	4
scaffold_1788	24757	501943	20.27	0	218
scaffold_1789	24728	989195	40.00	0	919
scaffold_1793	24665	357924	14.51	0	403
scaffold_1796	24642	67922	2.76	0	268
scaffold_1799	24628	150521	6.11	0	520
scaffold_1800	24602	222	0.01	0	2
scaffold_1801	24585	277268	11.28	0	178
scaffold_1802	24557	9954	0.41	0	24
scaffold_1803	24544	114	0.00	0	6
scaffold_1805	24507	396	0.02	0	2
scaffold_1806	24472	703955	28.77	0	428
scaffold_1810	24438	227394	9.30	0	745
scaffold_1811	24388	504	0.02	0	4
scaffold_1812	24382	313755	12.87	0	143
scaffold_1813	24360	1261049	51.77	0	547
scaffold_1814	24345	22498	0.92	0	35
scaffold_1815	24331	41	0.00	0	1
scaffold_1817	24286	600	0.02	0	4
scaffold_1819	24264	867699	35.76	0	744
scaffold_1828	24198	420	0.02	0	3
scaffold_1831	24161	77673	3.21	0	142
scaffold_1832	24158	66630	2.76	0	84
scaffold_1833	24140	1037	0.04	0	3
scaffold_1835	24121	248507	10.30	0	223
scaffold_1836	24114	592	0.02	0	3
scaffold_1838	24056	5285	0.22	0	32
scaffold_1839	24044	1194918	49.70	0	2066
scaffold_1840	24026	113	0.00	0	2
scaffold_1841	24021	421	0.02	0	3
scaffold_1842	23980	51100	2.13	0	65
scaffold_1844	23941	437059	18.26	0	242
scaffold_1845	23936	900	0.04	0	4
scaffold_1846	23923	860405	35.97	0	403
scaffold_1847	23915	4441	0.19	0	12
scaffold_1849	23906	9410	0.39	0	16
scaffold_1851	23899	255195	10.68	0	272
scaffold_1853	23871	76	0.00	0	4
scaffold_1854	23867	1500	0.06	0	10
scaffold_1855	23833	92797	3.89	0	228
scaffold_1856	23819	778586	32.69	0	958
scaffold_1857	23814	8036	0.34	0	28
scaffold_1859	23794	2969	0.12	0	13
scaffold_1861	23785	118	0.00	0	1
scaffold_1863	23775	205886	8.66	0	204
scaffold_1866	23758	7590156	319.48	0	4047
scaffold_1867	23737	18090	0.76	0	28
scaffold_1870	23723	357369	15.06	0	861
scaffold_1871	23722	1624	0.07	0	3
scaffold_1872	23721	2700084	113.83	0	6870
scaffold_1873	23718	2723024	114.81	0	2738
scaffold_1875	23682	224835	9.49	0	202
scaffold_1877	23651	2101	0.09	0	3
scaffold_1878	23625	10681	0.45	0	7
scaffold_1879	23623	21970	0.93	0	31
scaffold_1881	23584	26459	1.12	0	37
scaffold_1882	23582	3064402	129.95	0	3929
scaffold_1884	23552	1106240	46.97	0	448
scaffold_1885	23539	287496	12.21	0	278
scaffold_1886	23534	1200	0.05	0	5
scaffold_1887	23517	753	0.03	0	4
scaffold_1888	23513	639680	27.21	0	472
scaffold_1890	23453	396341	16.90	0	837
scaffold_1892	23436	89875	3.83	0	52
scaffold_1894	23363	363700	15.57	0	527
scaffold_1897	23346	33	0.00	0	1
scaffold_1900	23334	411976	17.66	0	527
scaffold_1904	23291	1282	0.06	0	12
scaffold_1905	23276	37751	1.62	0	232
scaffold_1906	23233	32892	1.42	0	53
scaffold_1907	23197	365	0.02	0	1
scaffold_1910	23173	46492	2.01	0	38
scaffold_1912	23162	5476	0.24	0	19
scaffold_1914	23140	1048954	45.33	0	1138
scaffold_1915	23103	707804	30.64	0	323
scaffold_1916	23103	17826	0.77	0	34
scaffold_1919	23076	367158	15.91	0	617
scaffold_1921	23065	255320	11.07	0	310
scaffold_1924	23002	152	0.01	0	8
scaffold_1925	23000	165675	7.20	0	214
scaffold_1927	22964	816946	35.58	0	755
scaffold_1934	22856	245109	10.72	0	242
scaffold_1935	22848	1264753	55.36	0	1932
scaffold_1938	22833	4908	0.21	0	9
scaffold_1943	22772	117	0.01	0	3
scaffold_1945	22746	3383	0.15	0	14
scaffold_1948	22735	176457	7.76	0	299
scaffold_1951	22705	300	0.01	0	2
scaffold_1952	22694	107282	4.73	0	83
scaffold_1953	22673	614370	27.10	0	344
scaffold_1954	22658	242503	10.70	0	395
scaffold_1955	22652	161842	7.14	0	165
scaffold_1956	22651	372220	16.43	0	273
scaffold_1959	22626	3570896	157.82	0	1999
scaffold_1961	22612	819727	36.25	0	245
scaffold_1962	22610	526414	23.28	0	837
scaffold_1963	22603	7704	0.34	0	30
scaffold_1964	22602	1989142	88.01	0	3276
scaffold_1965	22597	1431	0.06	0	6
scaffold_1968	22551	22835	1.01	0	34
scaffold_1972	22497	590	0.03	0	2
scaffold_1973	22490	58	0.00	0	2
scaffold_1975	22469	460057	20.48	0	336
scaffold_1976	22460	909	0.04	0	2
scaffold_1977	22460	216048	9.62	0	154
scaffold_1979	22454	243459	10.84	0	189
scaffold_1982	22445	300	0.01	0	2
scaffold_1983	22427	2881141	128.47	0	2609
scaffold_1985	22401	43905	1.96	0	73
scaffold_1986	22398	340860	15.22	0	486
scaffold_1988	22380	309582	13.83	0	890
scaffold_1992	22346	795	0.04	0	10
scaffold_1993	22339	300	0.01	0	2
scaffold_1994	22329	9900	0.44	0	30
scaffold_1995	22325	704	0.03	0	4
scaffold_1996	22306	150	0.01	0	1
scaffold_1997	22305	139500	6.25	0	138
scaffold_1998	22294	2398540	107.59	0	1100
scaffold_2002	22263	216589	9.73	0	296
scaffold_2006	22237	12407	0.56	0	32
scaffold_2009	22227	11026	0.50	0	32
scaffold_2011	22153	106463	4.81	0	111
scaffold_2012	22136	1109001	50.10	0	1068
scaffold_2013	22133	12800	0.58	0	14
scaffold_2017	22075	731333	33.13	0	600
scaffold_2020	22065	101428	4.60	0	200
scaffold_2021	22058	1470175	66.65	0	2538
scaffold_2022	22002	202716	9.21	0	168
scaffold_2026	21958	154015	7.01	0	122
scaffold_2029	21938	3739292	170.45	0	7780
scaffold_2031	21894	166935	7.62	0	223
scaffold_2035	21851	1326592	60.71	0	587
scaffold_2037	21822	126973	5.82	0	125
scaffold_2039	21796	388066	17.80	0	171
scaffold_2040	21784	10517	0.48	0	16
scaffold_2041	21761	21469	0.99	0	83
scaffold_2046	21657	25908	1.20	0	116
scaffold_2047	21640	34614	1.60	0	35
scaffold_2048	21638	294	0.01	0	2
scaffold_2049	21633	214636	9.92	0	351
scaffold_2053	21604	536996	24.86	0	217
scaffold_2054	21596	300	0.01	0	2
scaffold_2055	21579	100952	4.68	0	215
scaffold_2056	21573	124313	5.76	0	171
scaffold_2057	21568	503	0.02	0	2
scaffold_2058	21548	1728861	80.23	0	4683
scaffold_2059	21545	563970	26.18	0	317
scaffold_2062	21525	76	0.00	0	4
scaffold_2065	21495	123775	5.76	0	373
scaffold_2068	21448	341007	15.90	0	102
scaffold_2069	21433	3298	0.15	0	11
scaffold_2073	21381	900	0.04	0	6
scaffold_2078	21353	111786	5.24	0	183
scaffold_2080	21345	150	0.01	0	1
scaffold_2088	21240	218434	10.28	0	238
scaffold_2089	21207	29509	1.39	0	19
scaffold_2090	21188	443	0.02	0	3
scaffold_2093	21179	357140	16.86	0	326
scaffold_2094	21166	417149	19.71	0	287
scaffold_2096	21137	9743	0.46	0	10
scaffold_2097	21135	111503	5.28	0	77
scaffold_2098	21123	67769	3.21	0	35
scaffold_2099	21101	1225802	58.09	0	1593
scaffold_2100	21097	570	0.03	0	30
scaffold_2101	21094	8402	0.40	0	11
scaffold_2103	21069	314	0.01	0	3
scaffold_2104	21062	4728	0.22	0	12
scaffold_2106	21050	136444	6.48	0	114
scaffold_2107	21041	2100	0.10	0	12
scaffold_2108	21039	712	0.03	0	4
scaffold_2109	21035	63283	3.01	0	43
scaffold_2112	20986	406166	19.35	0	695
scaffold_2113	20978	722	0.03	0	38
scaffold_2114	20977	67930	3.24	0	44
scaffold_2116	20971	23	0.00	0	1
scaffold_2117	20962	365201	17.42	0	247
scaffold_2119	20959	10940	0.52	0	57
scaffold_2120	20956	594912	28.39	0	580
scaffold_2121	20949	58074	2.77	0	558
scaffold_2125	20895	3985	0.19	0	14
scaffold_2128	20876	230779	11.05	0	196
scaffold_2129	20854	300	0.01	0	2
scaffold_2130	20830	650303	31.22	0	852
scaffold_2132	20797	11973	0.58	0	53
scaffold_2133	20788	2181708	104.95	0	4408
scaffold_2137	20761	491	0.02	0	3
scaffold_2138	20747	13769	0.66	0	48
scaffold_2140	20734	497868	24.01	0	541
scaffold_2141	20702	420	0.02	0	4
scaffold_2142	20688	13457	0.65	0	42
scaffold_2143	20686	11401	0.55	0	28
scaffold_2144	20674	8720	0.42	0	42
scaffold_2149	20639	1487986	72.10	0	728
scaffold_2161	20480	975633	47.64	0	791
scaffold_2163	20465	39	0.00	0	1
scaffold_2165	20452	703437	34.39	0	969
scaffold_2167	20435	106328	5.20	0	79
scaffold_2168	20431	199487	9.76	0	193
scaffold_2170	20426	10762718	526.91	0	7259
scaffold_2171	20368	196303	9.64	0	300
scaffold_2173	20334	14978	0.74	0	47
scaffold_2174	20331	340	0.02	0	4
scaffold_2176	20317	304	0.01	0	16
scaffold_2179	20295	138485	6.82	0	138
scaffold_2182	20288	420	0.02	0	3
scaffold_2185	20251	76	0.00	0	4
scaffold_2186	20251	34175	1.69	0	56
scaffold_2187	20228	703562	34.78	0	340
scaffold_2190	20218	89628	4.43	0	302
scaffold_2191	20215	407490	20.16	0	930
scaffold_2192	20213	165852	8.21	0	110
scaffold_2195	20186	1200	0.06	0	5
scaffold_2197	20178	1279	0.06	0	4
scaffold_2199	20156	3527	0.17	0	12
scaffold_2200	20150	247945	12.30	0	331
scaffold_2201	20121	1843	0.09	0	10
scaffold_2203	20087	2262843	112.65	0	5812
scaffold_2205	20072	262	0.01	0	2
scaffold_2206	20070	136842	6.82	0	98
scaffold_2214	19933	304	0.02	0	16
scaffold_2215	19917	915946	45.99	0	1426
scaffold_2218	19901	144	0.01	0	3
scaffold_2219	19901	1922225	96.59	0	5656
scaffold_2223	19872	6094	0.31	0	18
scaffold_2225	19866	644878	32.46	0	476
scaffold_2226	19856	64	0.00	0	1
scaffold_2231	19795	42	0.00	0	1
scaffold_2233	19784	1156	0.06	0	6
scaffold_2235	19776	38997	1.97	0	51
scaffold_2236	19763	300	0.02	0	1
scaffold_2237	19749	500867	25.36	0	221
scaffold_2238	19738	530224	26.86	0	278
scaffold_2240	19726	42987	2.18	0	44
scaffold_2242	19723	469675	23.81	0	2244
scaffold_2243	19715	430	0.02	0	2
scaffold_2245	19694	139000	7.06	0	90
scaffold_2246	19681	673594	34.23	0	326
scaffold_2247	19665	474908	24.15	0	193
scaffold_2250	19643	50740	2.58	0	50
scaffold_2252	19640	214416	10.92	0	405
scaffold_2254	19602	380	0.02	0	20
scaffold_2256	19568	300	0.02	0	2
scaffold_2257	19534	300	0.02	0	1
scaffold_2260	19496	412556	21.16	0	1020
scaffold_2261	19495	251975	12.93	0	292
scaffold_2262	19483	9298	0.48	0	26
scaffold_2264	19475	633	0.03	0	4
scaffold_2265	19467	127553	6.55	0	620
scaffold_2266	19452	806886	41.48	0	885
scaffold_2267	19446	38	0.00	0	2
scaffold_2269	19404	3811	0.20	0	11
scaffold_2270	19384	202	0.01	0	2
scaffold_2273	19321	150	0.01	0	1
scaffold_2275	19272	141538	7.34	0	113
scaffold_2280	19243	1200	0.06	0	6
scaffold_2281	19242	121	0.01	0	1
scaffold_2282	19234	2338457	121.58	0	5822
scaffold_2285	19213	50718	2.64	0	84
scaffold_2286	19207	1021	0.05	0	6
scaffold_2287	19203	1177920	61.34	0	857
scaffold_2288	19197	42014	2.19	0	26
scaffold_2301	19065	61840	3.24	0	62
scaffold_2304	19043	23545	1.24	0	48
scaffold_2305	18990	38	0.00	0	2
scaffold_2307	18984	500520	26.37	0	558
scaffold_2309	18963	247239	13.04	0	221
scaffold_2311	18958	25975	1.37	0	41
scaffold_2316	18908	78536	4.15	0	108
scaffold_2325	18812	261	0.01	0	3
scaffold_2331	18759	41615	2.22	0	61
scaffold_2333	18750	566386	30.21	0	2184
scaffold_2334	18738	1303783	69.58	0	4186
scaffold_2336	18737	59	0.00	0	1
scaffold_2340	18677	518979	27.79	0	1579
scaffold_2344	18633	409	0.02	0	3
scaffold_2345	18612	731716	39.31	0	1385
scaffold_2346	18610	209062	11.23	0	134
scaffold_2350	18594	40946	2.20	0	52
scaffold_2352	18571	427159	23.00	0	416
scaffold_2353	18557	34223	1.84	0	107
scaffold_2354	18547	1350278	72.80	0	1205
scaffold_2356	18511	583884	31.54	0	642
scaffold_2357	18509	311516	16.83	0	204
scaffold_2362	18460	29227	1.58	0	83
scaffold_2367	18435	292	0.02	0	2
scaffold_2368	18420	300	0.02	0	2
scaffold_2369	18419	1517	0.08	0	62
scaffold_2372	18415	24360	1.32	0	63
scaffold_2373	18410	182100	9.89	0	161
scaffold_2374	18402	398953	21.68	0	435
scaffold_2375	18364	604425	32.91	0	389
scaffold_2376	18364	300	0.02	0	2
scaffold_2378	18317	266846	14.57	0	302
scaffold_2381	18296	224053	12.25	0	549
scaffold_2382	18293	1143223	62.50	0	690
scaffold_2389	18231	555	0.03	0	5
scaffold_2396	18160	11308	0.62	0	22
scaffold_2398	18157	1139944	62.78	0	1300
scaffold_2401	18140	175970	9.70	0	137
scaffold_2402	18138	52916	2.92	0	98
scaffold_2404	18132	44	0.00	0	2
scaffold_2408	18089	13435	0.74	0	59
scaffold_2412	18052	523456	29.00	0	1622
scaffold_2420	17974	162284	9.03	0	373
scaffold_2425	17932	62527	3.49	0	304
scaffold_2426	17924	2734	0.15	0	14
scaffold_2427	17920	835	0.05	0	16
scaffold_2428	17918	82160	4.59	0	74
scaffold_2431	17904	2400	0.13	0	16
scaffold_2434	17871	97269	5.44	0	238
scaffold_2437	17854	142	0.01	0	1
scaffold_2441	17842	580353	32.53	0	1101
scaffold_2442	17837	268164	15.03	0	903
scaffold_2443	17836	130721	7.33	0	124
scaffold_2444	17831	79979	4.49	0	78
scaffold_2445	17828	229	0.01	0	2
scaffold_2446	17822	21378	1.20	0	27
scaffold_2454	17718	7734	0.44	0	12
scaffold_2458	17669	90099	5.10	0	137
scaffold_2468	17583	2691	0.15	0	16
scaffold_2470	17575	300	0.02	0	2
scaffold_2473	17567	600	0.03	0	2
scaffold_2474	17562	235919	13.43	0	343
scaffold_2476	17558	319	0.02	0	2
scaffold_2479	17531	8792	0.50	0	26
scaffold_2480	17513	141	0.01	0	1
scaffold_2481	17501	791	0.05	0	4
scaffold_2482	17487	1351103	77.26	0	2954
scaffold_2484	17450	111906	6.41	0	217
scaffold_2495	17363	997502	57.45	0	727
scaffold_2499	17330	284413	16.41	0	423
scaffold_2501	17322	300	0.02	0	2
scaffold_2502	17299	3154	0.18	0	10
scaffold_2510	17245	27957	1.62	0	53
scaffold_2511	17236	909854	52.79	0	541
scaffold_2518	17199	28441	1.65	0	33
scaffold_2521	17171	423098	24.64	0	166
scaffold_2524	17152	503406	29.35	0	831
scaffold_2527	17129	1296	0.08	0	4
scaffold_2536	17061	300	0.02	0	1
scaffold_2540	17028	10642	0.62	0	28
scaffold_2544	17007	173897	10.23	0	284
scaffold_2545	16999	846855	49.82	0	515
scaffold_2549	16953	699147	41.24	0	284
scaffold_2552	16922	36761	2.17	0	26
scaffold_2556	16888	1280560	75.83	0	1627
scaffold_2557	16880	676105	40.05	0	1499
scaffold_2559	16872	300	0.02	0	1
scaffold_2560	16855	1800	0.11	0	6
scaffold_2561	16817	125	0.01	0	2
scaffold_2563	16760	70529	4.21	0	115
scaffold_2565	16747	1304	0.08	0	6
scaffold_2566	16734	126457	7.56	0	423
scaffold_2567	16729	1495624	89.40	0	508
scaffold_2568	16725	98603	5.90	0	66
scaffold_2572	16685	495624	29.70	0	234
scaffold_2573	16676	16301	0.98	0	32
scaffold_2576	16641	34399	2.07	0	153
scaffold_2578	16637	392259	23.58	0	395
scaffold_2581	16610	126	0.01	0	1
scaffold_2582	16603	672508	40.51	0	522
scaffold_2585	16590	1293555	77.97	0	933
scaffold_2586	16578	2479	0.15	0	6
scaffold_2588	16568	300	0.02	0	2
scaffold_2589	16559	326575	19.72	0	222
scaffold_2590	16549	19064	1.15	0	40
scaffold_2596	16477	75056	4.56	0	76
scaffold_2599	16425	297196	18.09	0	559
scaffold_2605	16384	152	0.01	0	2
scaffold_2607	16360	600	0.04	0	4
scaffold_2609	16349	8344	0.51	0	17
scaffold_2611	16338	675	0.04	0	5
scaffold_2617	16289	48769	2.99	0	113
scaffold_2618	16287	71329	4.38	0	64
scaffold_2623	16253	9504	0.58	0	6
scaffold_2624	16245	366	0.02	0	3
scaffold_2627	16224	2130064	131.29	0	1660
scaffold_2629	16208	845041	52.14	0	1138
scaffold_2630	16145	7273	0.45	0	8
scaffold_2639	16100	12438	0.77	0	46
scaffold_2641	16089	300	0.02	0	2
scaffold_2644	16062	12575	0.78	0	25
scaffold_2645	16053	8408	0.52	0	48
scaffold_2648	16025	28915	1.80	0	24
scaffold_2650	16009	866	0.05	0	2
scaffold_2651	16005	11399	0.71	0	24
scaffold_2655	15967	62331	3.90	0	119
scaffold_2657	15963	198411	12.43	0	781
scaffold_2663	15920	280	0.02	0	1
scaffold_2664	15913	2400	0.15	0	16
scaffold_2665	15892	147	0.01	0	1
scaffold_2668	15873	48	0.00	0	1
scaffold_2669	15867	9382	0.59	0	55
scaffold_2670	15865	38	0.00	0	2
scaffold_2671	15862	60358	3.81	0	76
scaffold_2674	15827	342	0.02	0	18
scaffold_2685	15744	115592	7.34	0	139
scaffold_2687	15743	142213	9.03	0	204
scaffold_2690	15701	368	0.02	0	8
scaffold_2692	15695	748277	47.68	0	626
scaffold_2694	15684	17597	1.12	0	23
scaffold_2698	15669	79808	5.09	0	54
scaffold_2710	15585	4407	0.28	0	22
scaffold_2711	15566	40345	2.59	0	136
scaffold_2714	15551	6717	0.43	0	26
scaffold_2719	15493	122138	7.88	0	111
scaffold_2723	15448	37545	2.43	0	103
scaffold_2727	15422	1799	0.12	0	4
scaffold_2733	15372	39465	2.57	0	75
scaffold_2737	15336	191508	12.49	0	140
scaffold_2738	15326	504430	32.91	0	1494
scaffold_2739	15316	6617	0.43	0	14
scaffold_2740	15315	5615	0.37	0	13
scaffold_2741	15312	53	0.00	0	1
scaffold_2742	15303	327686	21.41	0	859
scaffold_2743	15294	150	0.01	0	1
scaffold_2748	15277	1188710	77.81	0	659
scaffold_2749	15269	31751	2.08	0	14
scaffold_2750	15268	1351	0.09	0	5
scaffold_2752	15259	66706	4.37	0	68
scaffold_2756	15249	285118	18.70	0	454
scaffold_2760	15225	4682	0.31	0	13
scaffold_2761	15219	2696	0.18	0	5
scaffold_2777	15131	10240848	676.81	0	15632
scaffold_2781	15111	1183579	78.33	0	366
scaffold_2787	15058	303	0.02	0	3
scaffold_2788	15052	2388	0.16	0	5
scaffold_2794	15038	750	0.05	0	5
scaffold_2795	15028	47719	3.18	0	77
scaffold_2796	15019	170251	11.34	0	148
scaffold_2798	15014	19381	1.29	0	48
scaffold_2816	14921	90929	6.09	0	191
scaffold_2819	14906	463	0.03	0	3
scaffold_2820	14904	23074	1.55	0	55
scaffold_2823	14882	1159550	77.92	0	857
scaffold_2826	14855	303	0.02	0	3
scaffold_2827	14846	42665	2.87	0	77
scaffold_2828	14843	101	0.01	0	1
scaffold_2832	14780	476534	32.24	0	333
scaffold_2833	14767	217020	14.70	0	373
scaffold_2834	14766	71441	4.84	0	193
scaffold_2841	14727	1227	0.08	0	4
scaffold_2842	14712	208	0.01	0	2
scaffold_2846	14691	2618	0.18	0	15
scaffold_2854	14637	141	0.01	0	1
scaffold_2857	14629	1856782	126.92	0	1203
scaffold_2858	14622	523847	35.83	0	278
scaffold_2863	14593	266553	18.27	0	512
scaffold_2866	14583	76	0.01	0	4
scaffold_2867	14576	66309	4.55	0	74
scaffold_2868	14564	339129	23.29	0	296
scaffold_2869	14553	150	0.01	0	1
scaffold_2870	14549	180885	12.43	0	115
scaffold_2873	14539	135077	9.29	0	212
scaffold_2874	14539	19	0.00	0	1
scaffold_2878	14512	349	0.02	0	3
scaffold_2879	14504	150	0.01	0	1
scaffold_2884	14485	171019	11.81	0	240
scaffold_2885	14483	135828	9.38	0	160
scaffold_2889	14443	1688372	116.90	0	1033
scaffold_2894	14413	108217	7.51	0	129
scaffold_2896	14404	125	0.01	0	2
scaffold_2897	14401	41591	2.89	0	67
scaffold_2898	14399	16499	1.15	0	34
scaffold_2900	14392	1116	0.08	0	9
scaffold_2901	14384	210124	14.61	0	773
scaffold_2903	14370	6000	0.42	0	14
scaffold_2915	14293	1538422	107.63	0	1284
scaffold_2921	14262	335	0.02	0	2
scaffold_2922	14255	421	0.03	0	2
scaffold_2923	14249	184	0.01	0	2
scaffold_2925	14224	327022	22.99	0	362
scaffold_2928	14211	237	0.02	0	3
scaffold_2929	14211	136	0.01	0	1
scaffold_2930	14208	154	0.01	0	2
scaffold_2934	14198	1881	0.13	0	5
scaffold_2938	14166	369290	26.07	0	447
scaffold_2940	14151	294	0.02	0	2
scaffold_2944	14138	1718525	121.55	0	4857
scaffold_2945	14131	1619	0.11	0	9
scaffold_2946	14129	152	0.01	0	8
scaffold_2949	14096	300	0.02	0	2
scaffold_2957	14040	12000	0.85	0	53
scaffold_2958	14033	2277014	162.26	0	2684
scaffold_2964	13994	12881	0.92	0	20
scaffold_2968	13978	3109	0.22	0	8
scaffold_2969	13974	3778	0.27	0	10
scaffold_2971	13965	217016	15.54	0	841
scaffold_2974	13953	600	0.04	0	4
scaffold_2976	13927	64	0.00	0	1
scaffold_2978	13905	10461	0.75	0	52
scaffold_2980	13894	529	0.04	0	2
scaffold_2984	13866	300	0.02	0	2
scaffold_2986	13860	626875	45.23	0	386
scaffold_2987	13855	41	0.00	0	1
scaffold_2989	13854	140	0.01	0	2
scaffold_2993	13838	642312	46.42	0	509
scaffold_2997	13814	721942	52.26	0	2287
scaffold_2998	13811	300	0.02	0	1
scaffold_3000	13798	533	0.04	0	2
scaffold_3003	13794	1332	0.10	0	8
scaffold_3006	13772	1077650	78.25	0	2864
scaffold_3007	13753	138785	10.09	0	293
scaffold_3010	13729	900	0.07	0	4
scaffold_3012	13724	300	0.02	0	2
scaffold_3021	13662	59	0.00	0	1
scaffold_3026	13643	18597	1.36	0	38
scaffold_3029	13622	983	0.07	0	11
scaffold_3042	13500	32	0.00	0	1
scaffold_3046	13460	188657	14.02	0	427
scaffold_3051	13440	712	0.05	0	2
scaffold_3053	13427	76	0.01	0	4
scaffold_3054	13408	333065	24.84	0	487
scaffold_3055	13402	56853	4.24	0	117
scaffold_3056	13396	38	0.00	0	2
scaffold_3060	13367	33382	2.50	0	58
scaffold_3065	13348	880	0.07	0	5
scaffold_3076	13288	280	0.02	0	2
scaffold_3081	13258	3551	0.27	0	12
scaffold_3084	13237	1100	0.08	0	18
scaffold_3087	13212	300	0.02	0	2
scaffold_3088	13211	364	0.03	0	1
scaffold_3089	13194	22419	1.70	0	17
scaffold_3091	13192	937	0.07	0	4
scaffold_3095	13161	108	0.01	0	1
scaffold_3096	13145	496277	37.75	0	207
scaffold_3102	13110	796	0.06	0	5
scaffold_3104	13107	88	0.01	0	1
scaffold_3109	13095	53014	4.05	0	64
scaffold_3115	13045	258	0.02	0	5
scaffold_3120	13019	590835	45.38	0	500
scaffold_3124	12993	900	0.07	0	6
scaffold_3125	12983	300	0.02	0	2
scaffold_3127	12974	409	0.03	0	2
scaffold_3140	12926	1243	0.10	0	17
scaffold_3145	12889	5057	0.39	0	50
scaffold_3151	12869	3465	0.27	0	16
scaffold_3152	12860	300	0.02	0	2
scaffold_3155	12824	157044	12.25	0	113
scaffold_3159	12799	300	0.02	0	2
scaffold_3166	12768	14496	1.14	0	38
scaffold_3177	12732	300	0.02	0	2
scaffold_3181	12717	52617	4.14	0	97
scaffold_3186	12693	545	0.04	0	5
scaffold_3197	12593	300	0.02	0	2
scaffold_3198	12587	353	0.03	0	3
scaffold_3200	12570	1104294	87.85	0	694
scaffold_3208	12526	518595	41.40	0	247
scaffold_3209	12525	300	0.02	0	2
scaffold_3212	12518	546127	43.63	0	903
scaffold_3213	12517	300	0.02	0	2
scaffold_3217	12502	4827	0.39	0	14
scaffold_3220	12480	1764	0.14	0	5
scaffold_3221	12475	122404	9.81	0	139
scaffold_3223	12461	300	0.02	0	2
scaffold_3228	12440	274	0.02	0	2
scaffold_3234	12391	48777	3.94	0	94
scaffold_3238	12382	300	0.02	0	2
scaffold_3239	12379	1260294	101.81	0	597
scaffold_3244	12358	24835	2.01	0	38
scaffold_3245	12354	15983	1.29	0	50
scaffold_3248	12326	359132	29.14	0	461
scaffold_3253	12298	11265902	916.08	0	11713
scaffold_3256	12275	300	0.02	0	2
scaffold_3257	12263	184	0.02	0	2
scaffold_3260	12236	150	0.01	0	1
scaffold_3264	12217	900	0.07	0	6
scaffold_3270	12163	73	0.01	0	1
scaffold_3274	12149	352	0.03	0	4
scaffold_3287	12105	335006	27.68	0	202
scaffold_3288	12102	71	0.01	0	1
scaffold_3291	12091	450	0.04	0	2
scaffold_3294	12086	9022	0.75	0	54
scaffold_3295	12075	38	0.00	0	2
scaffold_3301	12054	1647	0.14	0	16
scaffold_3302	12052	3527	0.29	0	14
scaffold_3307	12033	699	0.06	0	3
scaffold_3308	12008	540	0.04	0	5
scaffold_3320	11934	16701	1.40	0	24
scaffold_3321	11929	600	0.05	0	4
scaffold_3339	11831	1429	0.12	0	4
scaffold_3341	11823	2850	0.24	0	14
scaffold_3344	11790	1355	0.11	0	10
scaffold_3348	11774	188	0.02	0	2
scaffold_3359	11729	878	0.07	0	5
scaffold_3360	11728	556	0.05	0	2
scaffold_3363	11722	334750	28.56	0	955
scaffold_3365	11708	265804	22.70	0	179
scaffold_3366	11708	12694	1.08	0	32
scaffold_3371	11677	104	0.01	0	1
scaffold_3389	11544	19820	1.72	0	23
scaffold_3390	11541	300	0.03	0	2
scaffold_3407	11453	450	0.04	0	3
scaffold_3410	11431	6534	0.57	0	23
scaffold_3412	11424	600	0.05	0	2
scaffold_3417	11414	19	0.00	0	1
scaffold_3420	11406	300	0.03	0	2
scaffold_3422	11398	226	0.02	0	2
scaffold_3426	11345	239663	21.12	0	693
scaffold_3428	11338	1120	0.10	0	4
scaffold_3429	11332	484025	42.71	0	619
scaffold_3431	11323	264315	23.34	0	678
scaffold_3434	11314	409	0.04	0	2
scaffold_3437	11307	52927	4.68	0	130
scaffold_3440	11302	600	0.05	0	4
scaffold_3445	11279	236990	21.01	0	271
scaffold_3447	11263	600	0.05	0	2
scaffold_3448	11255	176773	15.71	0	517
scaffold_3450	11246	38	0.00	0	2
scaffold_3452	11240	10832	0.96	0	68
scaffold_3461	11218	577	0.05	0	2
scaffold_3472	11166	42793	3.83	0	57
scaffold_3474	11156	60	0.01	0	1
scaffold_3476	11152	1079	0.10	0	15
scaffold_3478	11097	300	0.03	0	2
scaffold_3482	11082	2126	0.19	0	26
scaffold_3487	11028	1280	0.12	0	8
scaffold_3488	11028	150	0.01	0	1
scaffold_3489	11026	572184	51.89	0	893
scaffold_3493	11019	412034	37.39	0	444
scaffold_3504	10940	93	0.01	0	1
scaffold_3506	10933	341393	31.23	0	429
scaffold_3516	10846	41821	3.86	0	24
scaffold_3518	10819	1800	0.17	0	12
scaffold_3520	10810	596	0.06	0	3
scaffold_3523	10784	246	0.02	0	1
scaffold_3529	10763	105792	9.83	0	121
scaffold_3531	10757	300	0.03	0	2
scaffold_3534	10743	1200	0.11	0	6
scaffold_3538	10733	111329	10.37	0	125
scaffold_3546	10692	1003	0.09	0	6
scaffold_3548	10674	2914	0.27	0	48
scaffold_3556	10609	532	0.05	0	2
scaffold_3559	10590	100	0.01	0	2
scaffold_3564	10516	300	0.03	0	2
scaffold_3565	10513	1128	0.11	0	10
scaffold_3568	10496	1641	0.16	0	4
scaffold_3572	10447	3039	0.29	0	21
scaffold_3575	10435	34241	3.28	0	47
scaffold_3578	10416	300	0.03	0	2
scaffold_3579	10407	283261	27.22	0	242
scaffold_3581	10401	544	0.05	0	2
scaffold_3594	10320	300	0.03	0	2
scaffold_3595	10318	40968	3.97	0	57
scaffold_3619	10147	286531	28.24	0	418
scaffold_3630	10107	63062	6.24	0	87
scaffold_3632	10103	150	0.01	0	1
scaffold_3639	10052	724847	72.11	0	1157
scaffold_3643	10037	59	0.01	0	1
scaffold_3649	10007	650602	65.01	0	726
scaffold_3657	9963	35516	3.56	0	69
scaffold_3664	9928	569	0.06	0	2
scaffold_3667	9912	1374791	138.70	0	2411
scaffold_3670	9891	96	0.01	0	1
scaffold_3673	9843	143147	14.54	0	332
scaffold_3674	9834	572956	58.26	0	299
scaffold_3692	9712	6701	0.69	0	15
scaffold_3694	9697	264862	27.31	0	675
scaffold_3696	9692	3250	0.34	0	13
scaffold_3698	9685	281549	29.07	0	921
scaffold_3699	9678	97654	10.09	0	177
scaffold_3702	9672	120	0.01	0	2
scaffold_3705	9657	300	0.03	0	1
scaffold_3709	9635	11921	1.24	0	22
scaffold_3721	9572	1050	0.11	0	5
scaffold_3724	9562	546	0.06	0	2
scaffold_3725	9504	800	0.08	0	4
scaffold_3726	9497	82695	8.71	0	124
scaffold_3727	9497	136	0.01	0	4
scaffold_3735	9426	114474	12.14	0	47
scaffold_3739	9367	6243	0.67	0	10
scaffold_3740	9353	15334	1.64	0	17
scaffold_3752	9281	3351	0.36	0	12
scaffold_3755	9268	71	0.01	0	1
scaffold_3763	9211	76	0.01	0	4
scaffold_3771	9156	320812	35.04	0	1014
scaffold_3776	9135	615	0.07	0	5
scaffold_3777	9128	3089187	338.43	0	1289
scaffold_3785	9096	12292	1.35	0	23
scaffold_3792	9016	28555	3.17	0	42
scaffold_3793	9013	107663	11.95	0	103
scaffold_3795	9009	61496	6.83	0	107
scaffold_3796	9005	639	0.07	0	3
scaffold_3803	8953	38591	4.31	0	57
scaffold_3808	8919	900	0.10	0	3
scaffold_3818	8857	900	0.10	0	6
scaffold_3820	8842	152595	17.26	0	106
scaffold_3821	8838	300	0.03	0	2
scaffold_3828	8787	900	0.10	0	6
scaffold_3829	8766	600	0.07	0	3
scaffold_3831	8757	149795	17.11	0	189
scaffold_3836	8745	590	0.07	0	2
scaffold_3838	8732	300	0.03	0	2
scaffold_3852	8636	1393	0.16	0	6
scaffold_3857	8621	454946	52.77	0	401
scaffold_3891	8407	300	0.04	0	2
scaffold_3898	8379	39	0.00	0	1
scaffold_3902	8318	457926	55.05	0	492
scaffold_3907	8286	39275	4.74	0	47
scaffold_3913	8248	2064	0.25	0	14
scaffold_3914	8203	556	0.07	0	8
scaffold_3916	8194	5114	0.62	0	9
scaffold_3917	8186	600	0.07	0	4
scaffold_3920	8171	1291	0.16	0	4
scaffold_3924	8144	30	0.00	0	1
scaffold_3927	8103	64	0.01	0	1
scaffold_3941	7986	64	0.01	0	1
scaffold_3943	7957	392	0.05	0	4
scaffold_3945	7946	478	0.06	0	2
scaffold_3946	7937	354	0.04	0	2
scaffold_3961	7826	564332	72.11	0	672
scaffold_3962	7821	600	0.08	0	4
scaffold_3968	7781	20879	2.68	0	101
scaffold_3974	7726	1588	0.21	0	6
scaffold_3981	7663	83	0.01	0	1
scaffold_3995	7600	7076	0.93	0	20
scaffold_4005	7560	24096	3.19	0	34
scaffold_4027	7318	521	0.07	0	4
scaffold_4031	7275	362651	49.85	0	1326
scaffold_4036	7242	1926903	266.07	0	1180
scaffold_4051	7117	35302	4.96	0	198
scaffold_4053	7100	202	0.03	0	2
scaffold_4067	7002	168	0.02	0	2
scaffold_4089	6807	1200	0.18	0	10
scaffold_4096	6763	116	0.02	0	1
scaffold_4101	6741	360	0.05	0	3
scaffold_4113	6625	652	0.10	0	2
scaffold_4121	6591	5702	0.87	0	45
scaffold_4129	6535	351	0.05	0	2
scaffold_4139	6429	893167	138.93	0	1386
scaffold_4147	6331	14278	2.26	0	58
scaffold_4148	6298	600	0.10	0	4
scaffold_4152	6276	4239	0.68	0	19
scaffold_4157	6189	63	0.01	0	1
scaffold_4165	6095	7931	1.30	0	31
scaffold_4193	5634	27625	4.90	0	37
scaffold_4201	5519	45305	8.21	0	123
scaffold_4206	5374	450	0.08	0	3
scaffold_4218	5028	704	0.14	0	2
scaffold_4226	4492	30	0.01	0	1
scaffold_4235	4035	300	0.07	0	1
total	109394605	7077890760	64.70	0	134600
