chrom	length	bases	mean	min	max
scaffold_1	207710	36317680	174.85	0	5369
scaffold_2	165858	37795468	227.88	0	12398
scaffold_3	156334	26039312	166.56	0	22656
scaffold_4	151503	31290819	206.54	0	16049
scaffold_5	149530	33642720	224.99	0	11512
scaffold_6	147813	27666690	187.17	0	16931
scaffold_7	145703	34415521	236.20	0	3397
scaffold_8	141466	12795990	90.45	0	1296
scaffold_9	141163	14267249	101.07	0	4118
scaffold_10	139054	23971705	172.39	0	10432
scaffold_11	133792	33805308	252.67	0	18705
scaffold_12	133642	15664385	117.21	0	8563
scaffold_13	132829	12365132	93.09	0	5663
scaffold_14	132109	22621673	171.23	0	5740
scaffold_15	131752	27446607	208.32	0	6098
scaffold_16	131420	10605247	80.70	0	4995
scaffold_17	131132	22924357	174.82	0	11203
scaffold_18	130594	10059314	77.03	0	2586
scaffold_19	130359	16539183	126.87	0	13026
scaffold_20	128736	27586110	214.28	0	9849
scaffold_21	124489	6699278	53.81	0	1841
scaffold_22	124195	33073849	266.31	0	13351
scaffold_23	122565	30499511	248.84	0	13009
scaffold_24	122561	11321017	92.37	0	16396
scaffold_25	122209	4933060	40.37	0	832
scaffold_26	121142	26550191	219.17	0	13131
scaffold_27	120679	18221923	150.99	0	31651
scaffold_28	120135	110516454	919.94	0	29712
scaffold_29	119776	21662490	180.86	0	18369
scaffold_30	119703	3491754	29.17	0	693
scaffold_31	119639	17687482	147.84	0	16936
scaffold_32	118487	18888859	159.42	0	5835
scaffold_33	118220	12897281	109.10	0	3070
scaffold_34	118048	14717801	124.68	0	6225
scaffold_35	118000	10742113	91.03	0	3817
scaffold_36	117433	16798003	143.04	0	6662
scaffold_37	117371	15119610	128.82	0	5374
scaffold_38	117205	37432488	319.38	0	23999
scaffold_39	116932	49691690	424.96	0	33913
scaffold_40	114786	15316852	133.44	0	9618
scaffold_41	114632	15515437	135.35	0	5950
scaffold_42	113782	40341335	354.55	0	15089
scaffold_43	113666	16392007	144.21	0	8232
scaffold_44	112564	19367425	172.06	0	6970
scaffold_45	112220	9686981	86.32	0	2375
scaffold_46	112093	17733763	158.21	0	16785
scaffold_47	112028	16002367	142.84	0	4600
scaffold_48	111585	13948114	125.00	0	4332
scaffold_49	110022	53571834	486.92	0	31420
scaffold_50	109827	18289373	166.53	0	5058
scaffold_51	109810	14613952	133.08	0	11464
scaffold_52	109646	12643145	115.31	0	2360
scaffold_53	109180	8169435	74.83	0	2330
scaffold_54	108996	56745802	520.62	0	16401
scaffold_55	108303	13351875	123.28	0	10342
scaffold_56	108269	11682204	107.90	0	3902
scaffold_57	108259	18963980	175.17	0	17615
scaffold_58	108199	20362217	188.19	0	9068
scaffold_59	106399	36839095	346.24	0	32354
scaffold_60	104641	12686450	121.24	0	13527
scaffold_61	104632	17375501	166.06	0	5060
scaffold_62	104487	14790582	141.55	0	1919
scaffold_63	104275	7582519	72.72	0	2066
scaffold_64	103916	13161442	126.65	0	4527
scaffold_65	103730	11223177	108.20	0	2371
scaffold_66	103232	31460370	304.75	0	11380
scaffold_67	102353	1125076	10.99	0	732
scaffold_68	102321	12521662	122.38	0	7792
scaffold_69	101920	67138745	658.74	0	39432
scaffold_70	101476	9917535	97.73	0	3043
scaffold_71	101260	21417007	211.51	0	19602
scaffold_72	101147	15458634	152.83	0	22301
scaffold_73	100975	13125974	129.99	0	2578
scaffold_74	100868	9004348	89.27	0	3944
scaffold_75	98940	31177207	315.11	0	16052
scaffold_76	98923	11586868	117.13	0	8405
scaffold_77	98645	3740906	37.92	0	1077
scaffold_78	98107	13773315	140.39	0	5799
scaffold_79	97307	16381849	168.35	0	7944
scaffold_80	97271	2088367	21.47	0	2100
scaffold_81	97146	9584342	98.66	0	2217
scaffold_82	96665	10013375	103.59	0	5718
scaffold_83	95248	22816320	239.55	0	6141
scaffold_84	94921	5996160	63.17	0	2268
scaffold_85	94627	2352941	24.87	0	702
scaffold_86	94595	9272419	98.02	0	7049
scaffold_87	94453	7258760	76.85	0	1808
scaffold_88	94226	6528324	69.28	0	4822
scaffold_89	94051	2802296	29.80	0	753
scaffold_90	93640	6278023	67.04	0	1119
scaffold_91	93575	9732252	104.00	0	3506
scaffold_92	93531	13618748	145.61	0	10008
scaffold_93	93420	14944973	159.98	0	6352
scaffold_94	93333	15086090	161.64	0	5158
scaffold_95	93155	5394592	57.91	0	2006
scaffold_96	93109	19734406	211.95	0	16630
scaffold_97	92685	19447965	209.83	0	18303
scaffold_98	92524	8784505	94.94	0	5241
scaffold_99	91878	26485225	288.27	0	11798
scaffold_100	91759	2302291	25.09	0	1483
scaffold_101	91697	7335351	80.00	0	4094
scaffold_102	91375	15999648	175.10	0	8117
scaffold_103	91207	17404570	190.82	0	11291
scaffold_104	91171	8292636	90.96	0	1613
scaffold_105	91162	17118787	187.78	0	12938
scaffold_106	91030	6222734	68.36	0	1501
scaffold_107	90997	9977165	109.64	0	6370
scaffold_108	90811	16992666	187.12	0	13821
scaffold_109	90770	11596168	127.75	0	11695
scaffold_110	90745	21003229	231.45	0	12963
scaffold_111	90729	13978673	154.07	0	9809
scaffold_112	90251	20853230	231.06	0	10458
scaffold_113	90180	30329027	336.32	0	12324
scaffold_114	90046	22153266	246.02	0	21222
scaffold_115	89988	12995206	144.41	0	4168
scaffold_116	89898	27720231	308.35	0	15737
scaffold_117	89463	7511822	83.97	0	1658
scaffold_118	89445	20968970	234.43	0	11794
scaffold_119	89290	23786469	266.40	0	15557
scaffold_120	89242	2588750	29.01	0	1455
scaffold_121	89126	8773635	98.44	0	1367
scaffold_122	88964	6418120	72.14	0	1185
scaffold_123	88940	24934659	280.35	0	1882
scaffold_124	88565	14842295	167.59	0	8879
scaffold_125	88544	9883760	111.63	0	16575
scaffold_126	87596	10989713	125.46	0	8106
scaffold_127	87268	21800684	249.81	0	18092
scaffold_128	87264	15034034	172.28	0	8073
scaffold_129	87164	39493118	453.09	0	20221
scaffold_130	87057	4093550	47.02	0	2495
scaffold_131	86816	9469099	109.07	0	4691
scaffold_132	86593	154252383	1781.35	0	56622
scaffold_133	85748	30178704	351.95	0	15370
scaffold_134	85487	9007632	105.37	0	4695
scaffold_135	84934	9537922	112.30	0	3371
scaffold_136	84449	8903250	105.43	0	1234
scaffold_137	84420	7302840	86.51	0	5532
scaffold_138	84131	15382832	182.84	0	6587
scaffold_139	84108	6489208	77.15	0	1380
scaffold_140	83628	4968529	59.41	0	1056
scaffold_141	83544	16311377	195.24	0	9919
scaffold_142	82980	14038595	169.18	0	5239
scaffold_143	82823	16224578	195.89	0	11849
scaffold_144	82730	8006774	96.78	0	2631
scaffold_145	82429	22466749	272.56	0	13410
scaffold_146	82298	3096701	37.63	0	2000
scaffold_147	82198	19106881	232.45	0	12542
scaffold_148	82186	18248064	222.03	0	17380
scaffold_149	82166	2394026	29.14	0	498
scaffold_150	81843	6720051	82.11	0	5156
scaffold_151	81694	6392974	78.26	0	6412
scaffold_152	81693	23291175	285.11	0	11960
scaffold_153	81559	3007483	36.87	0	1936
scaffold_154	81158	9612889	118.45	0	4920
scaffold_155	81104	12660773	156.11	0	5884
scaffold_156	80969	27033102	333.87	0	25009
scaffold_157	80953	3679141	45.45	0	1031
scaffold_158	80861	73125628	904.34	0	88093
scaffold_159	80807	6260697	77.48	0	1290
scaffold_160	80615	13572807	168.37	0	8607
scaffold_161	80400	5214321	64.85	0	2074
scaffold_162	80273	14766090	183.95	0	10082
scaffold_163	79956	9892223	123.72	0	3808
scaffold_164	79696	6229749	78.17	0	5183
scaffold_165	79693	6734855	84.51	0	5243
scaffold_166	79593	8368848	105.15	0	1774
scaffold_167	79583	11279788	141.74	0	6005
scaffold_168	79256	12165505	153.50	0	7791
scaffold_169	79239	13063864	164.87	0	4684
scaffold_170	79212	12256124	154.73	0	3059
scaffold_171	79011	6841589	86.59	0	4180
scaffold_172	78965	10950591	138.68	0	23474
scaffold_173	78756	7919658	100.56	0	37073
scaffold_174	78725	7665822	97.37	0	2783
scaffold_175	78622	4191378	53.31	0	2361
scaffold_176	78609	9830871	125.06	0	5118
scaffold_177	78370	28222796	360.12	0	12169
scaffold_178	78365	23158447	295.52	0	43532
scaffold_179	78357	31373274	400.39	0	49222
scaffold_180	78178	6805846	87.06	0	2652
scaffold_181	78170	18464012	236.20	0	9126
scaffold_182	78152	5457442	69.83	0	1986
scaffold_183	78039	72922472	934.44	0	64722
scaffold_184	77984	3898671	49.99	0	658
scaffold_185	77939	9205909	118.12	0	3279
scaffold_186	77912	16079839	206.38	0	21240
scaffold_187	77437	5936929	76.67	0	1481
scaffold_188	77397	4072436	52.62	0	4128
scaffold_189	76949	2885323	37.50	0	764
scaffold_190	76922	11646307	151.40	0	2569
scaffold_191	76889	3975785	51.71	0	2404
scaffold_192	76793	23156247	301.54	0	21022
scaffold_193	76600	14275192	186.36	0	19968
scaffold_194	76595	11210391	146.36	0	4065
scaffold_195	76511	6472567	84.60	0	2555
scaffold_196	76403	11065753	144.83	0	3650
scaffold_197	76342	12108972	158.61	0	3392
scaffold_198	76257	7565384	99.21	0	3644
scaffold_199	76257	26413305	346.37	0	13031
scaffold_200	76250	7446642	97.66	0	3266
scaffold_201	75953	10724697	141.20	0	6982
scaffold_202	75738	7610891	100.49	0	10473
scaffold_203	75490	17918270	237.36	0	12971
scaffold_204	75266	31383492	416.97	0	17480
scaffold_205	75243	3863951	51.35	0	1697
scaffold_206	75188	6670597	88.72	0	3807
scaffold_207	75184	14052879	186.91	0	21688
scaffold_208	75058	2701316	35.99	0	1779
scaffold_209	74989	5184719	69.14	0	1751
scaffold_210	74982	8715028	116.23	0	3990
scaffold_211	74970	21202056	282.81	0	16523
scaffold_212	74746	12990729	173.80	0	7635
scaffold_213	74524	5807247	77.92	0	832
scaffold_214	74488	2798806	37.57	0	651
scaffold_215	74407	4449401	59.80	0	3179
scaffold_216	74375	9977346	134.15	0	2482
scaffold_217	74372	16075302	216.15	0	18776
scaffold_218	74091	27385036	369.61	0	8639
scaffold_219	73947	4985680	67.42	0	2078
scaffold_220	73549	10137828	137.84	0	6266
scaffold_221	73526	18979672	258.14	0	20604
scaffold_222	73449	23331464	317.66	0	12393
scaffold_223	73425	7185096	97.86	0	4326
scaffold_224	73187	9544237	130.41	0	7216
scaffold_225	73166	6711727	91.73	0	2028
scaffold_226	73008	19257304	263.77	0	2120
scaffold_227	73006	6866046	94.05	0	1913
scaffold_228	72973	47970995	657.38	0	48977
scaffold_229	72940	1656552	22.71	0	475
scaffold_230	72808	3783672	51.97	0	2135
scaffold_231	72468	25066622	345.90	0	17297
scaffold_232	72423	13499395	186.40	0	6821
scaffold_233	72126	6777806	93.97	0	1387
scaffold_234	72104	4924562	68.30	0	3130
scaffold_235	71959	6437188	89.46	0	1834
scaffold_236	71576	2998771	41.90	0	1406
scaffold_237	71543	10070865	140.77	0	5549
scaffold_238	71411	8070371	113.01	0	2716
scaffold_239	71101	8270423	116.32	0	6466
scaffold_240	70921	25889169	365.04	0	12059
scaffold_241	70477	2644251	37.52	0	2362
scaffold_242	70392	2586923	36.75	0	604
scaffold_243	70277	12639524	179.85	0	11688
scaffold_244	70108	21967252	313.33	0	17718
scaffold_245	70016	3754045	53.62	0	879
scaffold_246	70002	4130375	59.00	0	1879
scaffold_247	69777	14564792	208.73	0	10417
scaffold_248	69488	6549092	94.25	0	10027
scaffold_249	69449	4592328	66.13	0	1559
scaffold_250	69393	4706408	67.82	0	1200
scaffold_251	69185	5351043	77.34	0	10776
scaffold_252	69115	2696034	39.01	0	371
scaffold_253	68768	8430034	122.59	0	7770
scaffold_254	68669	6945288	101.14	0	1883
scaffold_255	68638	17567145	255.94	0	9822
scaffold_256	68545	3067859	44.76	0	1819
scaffold_257	68540	8111479	118.35	0	2167
scaffold_258	68481	3782687	55.24	0	753
scaffold_259	68448	4133150	60.38	0	1394
scaffold_260	68382	3546380	51.86	0	963
scaffold_261	68015	10494062	154.29	0	8339
scaffold_262	67860	20810491	306.67	0	24123
scaffold_263	67830	105422528	1554.22	0	145792
scaffold_264	67771	6497884	95.88	0	6529
scaffold_265	67639	2318091	34.27	0	4633
scaffold_266	67612	3135139	46.37	0	1609
scaffold_267	67382	15907079	236.07	0	4438
scaffold_268	67313	2314098	34.38	0	573
scaffold_269	67293	21492358	319.38	0	11479
scaffold_270	67233	4885906	72.67	0	2253
scaffold_271	67202	9874490	146.94	0	24487
scaffold_272	67188	5735974	85.37	0	785
scaffold_273	67078	3995161	59.56	0	2319
scaffold_274	66975	6157699	91.94	0	5301
scaffold_275	66949	7010860	104.72	0	5175
scaffold_276	66772	4086439	61.20	0	6145
scaffold_277	66656	5287109	79.32	0	2436
scaffold_278	66224	3154075	47.63	0	3541
scaffold_279	66185	3045471	46.01	0	2624
scaffold_280	65901	2101605	31.89	0	423
scaffold_281	65895	20479251	310.79	0	16734
scaffold_282	65807	1968909	29.92	0	1517
scaffold_283	65604	9724907	148.24	0	3393
scaffold_284	65595	11247006	171.46	0	11620
scaffold_285	65589	3281546	50.03	0	6322
scaffold_286	65202	9003615	138.09	0	4875
scaffold_287	65201	2406189	36.90	0	596
scaffold_288	65037	9882126	151.95	0	3329
scaffold_289	64598	5059950	78.33	0	12179
scaffold_290	64399	14561196	226.11	0	13603
scaffold_291	64335	3440681	53.48	0	1547
scaffold_292	64227	42555934	662.59	0	56380
scaffold_293	64156	1035576	16.14	0	445
scaffold_294	64047	5529841	86.34	0	6474
scaffold_295	63719	18511741	290.52	0	17609
scaffold_296	63612	19645283	308.83	0	25400
scaffold_297	63546	7490995	117.88	0	2070
scaffold_298	63498	10431139	164.28	0	2595
scaffold_299	63490	4647271	73.20	0	584
scaffold_300	63458	6157292	97.03	0	1181
scaffold_301	63331	5341123	84.34	0	4333
scaffold_302	63216	21654331	342.55	0	23547
scaffold_303	62981	3319577	52.71	0	2192
scaffold_304	62972	1502162	23.85	0	301
scaffold_305	62875	19271953	306.51	0	12202
scaffold_306	62868	10737078	170.79	0	6963
scaffold_307	62718	8201066	130.76	0	3081
scaffold_308	62716	4418676	70.46	0	1403
scaffold_309	62638	4226818	67.48	0	1240
scaffold_310	62497	18089509	289.45	0	14637
scaffold_311	62352	6116113	98.09	0	4894
scaffold_312	62319	7006900	112.44	0	4441
scaffold_313	62249	22519759	361.77	0	12839
scaffold_314	62043	6441719	103.83	0	12499
scaffold_315	61918	5977523	96.54	0	1260
scaffold_316	61908	29150272	470.86	0	27608
scaffold_317	61855	2661267	43.02	0	964
scaffold_318	61675	2437480	39.52	0	1426
scaffold_319	61388	7992745	130.20	0	3467
scaffold_320	61376	6827822	111.25	0	4540
scaffold_321	61357	9981319	162.68	0	2735
scaffold_322	61196	6991547	114.25	0	3362
scaffold_323	61165	4173032	68.23	0	980
scaffold_324	61143	1025345	16.77	0	325
scaffold_325	60859	17338127	284.89	0	1221
scaffold_326	60488	31584123	522.16	0	26613
scaffold_327	60343	4033260	66.84	0	2012
scaffold_328	60341	5439230	90.14	0	1828
scaffold_329	60333	22537955	373.56	0	28651
scaffold_330	60331	69488002	1151.78	0	30715
scaffold_331	60149	3410452	56.70	0	2735
scaffold_332	59992	4124632	68.75	0	1587
scaffold_333	59923	16899923	282.03	0	14684
scaffold_334	59877	4486743	74.93	0	3976
scaffold_335	59632	3492201	58.56	0	1554
scaffold_336	59601	10895899	182.81	0	10270
scaffold_337	59569	95462	1.60	0	831
scaffold_338	59446	15994384	269.06	0	10788
scaffold_339	59417	5820698	97.96	0	1682
scaffold_340	59205	5835770	98.57	0	2213
scaffold_341	58951	6702587	113.70	0	5552
scaffold_342	58948	9345435	158.54	0	9495
scaffold_343	58837	196956	3.35	0	150
scaffold_344	58709	6951745	118.41	0	2816
scaffold_345	58603	3568772	60.90	0	1099
scaffold_346	58587	44141269	753.43	0	93666
scaffold_347	58426	2967078	50.78	0	1303
scaffold_348	58388	8091427	138.58	0	4376
scaffold_349	58321	7899538	135.45	0	12959
scaffold_350	58289	1960888	33.64	0	5469
scaffold_351	58224	4608560	79.15	0	1339
scaffold_352	58162	4564697	78.48	0	6332
scaffold_353	58150	5725956	98.47	0	3042
scaffold_354	58072	1238414	21.33	0	1090
scaffold_355	58028	7142721	123.09	0	13559
scaffold_356	58019	5676983	97.85	0	1263
scaffold_357	58014	2334346	40.24	0	1127
scaffold_358	57995	23218078	400.35	0	15556
scaffold_359	57935	22376617	386.24	0	15839
scaffold_360	57710	7169691	124.24	0	11646
scaffold_361	57640	1891459	32.82	0	1270
scaffold_362	57513	12304826	213.95	0	14444
scaffold_363	57398	11675362	203.41	0	10455
scaffold_364	57388	21110582	367.86	0	9966
scaffold_365	57299	3973002	69.34	0	2500
scaffold_366	57198	2875795	50.28	0	892
scaffold_367	57068	4481112	78.52	0	1558
scaffold_368	56980	8131943	142.72	0	2728
scaffold_369	56774	5678258	100.02	0	2959
scaffold_370	56652	5406667	95.44	0	3287
scaffold_371	56642	22450591	396.36	0	18352
scaffold_372	56380	12691949	225.11	0	9902
scaffold_373	56358	1298983	23.05	0	462
scaffold_374	56282	74544	1.32	0	849
scaffold_375	56249	8225783	146.24	0	2560
scaffold_376	56201	4331172	77.07	0	1702
scaffold_377	55984	99208018	1772.08	0	119551
scaffold_378	55972	17835151	318.64	0	39000
scaffold_379	55855	6629478	118.69	0	2842
scaffold_380	55781	7866410	141.02	0	2877
scaffold_381	55569	18869055	339.56	0	34643
scaffold_382	55503	7382068	133.00	0	3499
scaffold_383	55323	12535888	226.59	0	14479
scaffold_384	55309	2982981	53.93	0	718
scaffold_385	55275	1456488	26.35	0	353
scaffold_386	55186	5566371	100.87	0	1565
scaffold_387	55125	10410628	188.85	0	4473
scaffold_388	54985	4883015	88.81	0	2413
scaffold_389	54952	1274611	23.19	0	896
scaffold_390	54906	1512857	27.55	0	331
scaffold_391	54898	14587798	265.73	0	9302
scaffold_392	54882	13881612	252.94	0	4481
scaffold_393	54857	7083930	129.13	0	3025
scaffold_394	54847	7486391	136.50	0	3207
scaffold_395	54780	6619891	120.85	0	11205
scaffold_396	54770	3384741	61.80	0	4501
scaffold_397	54736	11709914	213.93	0	25511
scaffold_398	54575	4048962	74.19	0	2320
scaffold_399	54508	9092314	166.81	0	2599
scaffold_400	54465	17623705	323.58	0	14406
scaffold_401	54439	11030845	202.63	0	5924
scaffold_402	54397	2807942	51.62	0	1424
scaffold_403	54383	12840607	236.11	0	10997
scaffold_404	54230	573087	10.57	0	225
scaffold_405	54215	7081461	130.62	0	3133
scaffold_406	54056	8566148	158.47	0	4719
scaffold_407	54048	1295834	23.98	0	1396
scaffold_408	54027	11964709	221.46	0	3479
scaffold_409	54004	1848851	34.24	0	2274
scaffold_410	53847	10207287	189.56	0	6676
scaffold_411	53770	11198997	208.28	0	8886
scaffold_412	53753	16948256	315.30	0	26418
scaffold_413	53722	15191653	282.78	0	12765
scaffold_414	53666	6122097	114.08	0	3770
scaffold_415	53469	6452262	120.67	0	2541
scaffold_416	53414	10287835	192.61	0	16812
scaffold_417	53298	16777842	314.79	0	14290
scaffold_418	53240	2794786	52.49	0	1133
scaffold_419	53232	16947293	318.37	0	6593
scaffold_420	53205	11538954	216.88	0	13222
scaffold_421	53176	7017416	131.97	0	3056
scaffold_422	53157	7350999	138.29	0	4741
scaffold_423	53140	2938230	55.29	0	870
scaffold_424	53120	12812414	241.20	0	10468
scaffold_425	53092	4386658	82.62	0	1046
scaffold_426	53069	5128703	96.64	0	4325
scaffold_427	52875	4454203	84.24	0	2259
scaffold_428	52835	4179963	79.11	0	902
scaffold_429	52820	12016603	227.50	0	11260
scaffold_430	52564	5643113	107.36	0	5465
scaffold_431	52482	3793629	72.28	0	2709
scaffold_432	52187	3562925	68.27	0	1239
scaffold_433	52176	3027591	58.03	0	4688
scaffold_434	52165	1384315	26.54	0	983
scaffold_435	52073	8507385	163.37	0	3597
scaffold_436	51985	6887024	132.48	0	4542
scaffold_437	51941	2000249	38.51	0	654
scaffold_438	51878	25691288	495.23	0	27914
scaffold_439	51650	118953	2.30	0	192
scaffold_440	51571	8181130	158.64	0	2789
scaffold_441	51553	3930640	76.24	0	1668
scaffold_442	51432	1492884	29.03	0	588
scaffold_443	51430	44788	0.87	0	58
scaffold_444	51417	3639154	70.78	0	2977
scaffold_445	51330	5423203	105.65	0	12929
scaffold_446	51294	3378804	65.87	0	1971
scaffold_447	51241	9528859	185.96	0	14607
scaffold_448	51221	8959253	174.91	0	6574
scaffold_449	51159	12962918	253.38	0	19041
scaffold_450	51072	9095358	178.09	0	5682
scaffold_451	50893	2319520	45.58	0	2297
scaffold_452	50883	2167522	42.60	0	2330
scaffold_453	50796	3005661	59.17	0	838
scaffold_454	50594	5562698	109.95	0	10275
scaffold_455	50494	6931066	137.27	0	9013
scaffold_456	50413	8736211	173.29	0	3970
scaffold_457	50374	2988333	59.32	0	2241
scaffold_458	50310	6738161	133.93	0	7153
scaffold_459	50280	1135820	22.59	0	689
scaffold_460	50198	6425176	128.00	0	1780
scaffold_461	50164	3085144	61.50	0	1001
scaffold_462	50154	14514154	289.39	0	30264
scaffold_463	50153	3111821	62.05	0	1226
scaffold_464	50070	9821199	196.15	0	16624
scaffold_465	49979	1084576	21.70	0	414
scaffold_466	49921	5649320	113.17	0	4445
scaffold_467	49856	13186844	264.50	0	2485
scaffold_468	49775	5866250	117.86	0	6865
scaffold_469	49726	2182405	43.89	0	859
scaffold_470	49713	11807759	237.52	0	7464
scaffold_471	49637	2269704	45.73	0	2219
scaffold_472	49501	507162	10.25	0	179
scaffold_473	49420	10598744	214.46	0	9579
scaffold_474	49317	1915296	38.84	0	578
scaffold_475	49307	2371942	48.11	0	1349
scaffold_476	49210	598117	12.15	0	84
scaffold_477	49075	6415631	130.73	0	2818
scaffold_478	48792	3541929	72.59	0	1911
scaffold_479	48786	5305436	108.75	0	6844
scaffold_480	48705	5607099	115.12	0	1747
scaffold_481	48698	4532351	93.07	0	2531
scaffold_482	48688	4314418	88.61	0	2980
scaffold_483	48583	3140256	64.64	0	2737
scaffold_484	48558	5475408	112.76	0	6179
scaffold_485	48539	9125447	188.00	0	6216
scaffold_486	48531	5098719	105.06	0	5252
scaffold_487	48487	3532828	72.86	0	1879
scaffold_488	48312	5210406	107.85	0	3839
scaffold_489	48272	41003	0.85	0	9
scaffold_490	48262	2619834	54.28	0	710
scaffold_491	48214	8674079	179.91	0	3047
scaffold_492	48145	24600	0.51	0	11
scaffold_493	48061	2590497	53.90	0	984
scaffold_494	48020	3264752	67.99	0	1099
scaffold_495	47826	2203619	46.08	0	496
scaffold_496	47756	4360329	91.30	0	2288
scaffold_497	47748	4961658	103.91	0	928
scaffold_498	47604	4520832	94.97	0	3657
scaffold_499	47551	934814	19.66	0	214
scaffold_500	47499	18416841	387.73	0	15323
scaffold_501	47472	2345915	49.42	0	960
scaffold_502	47446	7700	0.16	0	4
scaffold_503	47421	2615710	55.16	0	658
scaffold_504	47385	8121042	171.38	0	2168
scaffold_505	47311	4552772	96.23	0	1163
scaffold_506	47293	5393878	114.05	0	1402
scaffold_507	46932	1881478	40.09	0	580
scaffold_508	46845	5793443	123.67	0	3861
scaffold_509	46817	22564677	481.98	0	14424
scaffold_510	46781	2236174	47.80	0	701
scaffold_511	46668	3437854	73.67	0	878
scaffold_512	46593	1310822	28.13	0	480
scaffold_513	46545	734275	15.78	0	562
scaffold_514	46542	4431675	95.22	0	1357
scaffold_515	46363	31923	0.69	0	54
scaffold_516	46259	12356848	267.12	0	16465
scaffold_517	46178	2075451	44.94	0	3381
scaffold_518	46152	13459849	291.64	0	10090
scaffold_519	46083	11506477	249.69	0	6438
scaffold_520	46076	4886332	106.05	0	1122
scaffold_521	46075	19989376	433.84	0	49774
scaffold_522	46068	9482518	205.84	0	8414
scaffold_523	46065	3224687	70.00	0	1644
scaffold_524	46006	5350510	116.30	0	2259
scaffold_525	45976	3560762	77.45	0	832
scaffold_526	45857	6808845	148.48	0	3019
scaffold_527	45855	11736964	255.96	0	7904
scaffold_528	45750	2048945	44.79	0	1064
scaffold_529	45749	7911849	172.94	0	12748
scaffold_530	45738	1213331	26.53	0	1092
scaffold_531	45680	14389264	315.00	0	1936
scaffold_532	45432	5487994	120.80	0	1537
scaffold_533	45350	1590111	35.06	0	656
scaffold_534	45303	7443020	164.29	0	2600
scaffold_535	45302	53572	1.18	0	94
scaffold_536	45063	3662538	81.28	0	1676
scaffold_537	45051	13535	0.30	0	66
scaffold_538	45023	1787032	39.69	0	761
scaffold_539	44938	8857265	197.10	0	17623
scaffold_540	44651	3127862	70.05	0	3132
scaffold_541	44470	2620894	58.94	0	1050
scaffold_542	44216	5360573	121.24	0	3079
scaffold_543	44190	5892477	133.34	0	5017
scaffold_544	44173	1201264	27.19	0	418
scaffold_545	44014	6154253	139.82	0	4088
scaffold_546	43952	2803442	63.78	0	1446
scaffold_547	43946	11285046	256.79	0	10007
scaffold_548	43925	4536918	103.29	0	1950
scaffold_549	43883	1292087	29.44	0	393
scaffold_550	43720	3065360	70.11	0	3436
scaffold_551	43649	6527196	149.54	0	1525
scaffold_552	43581	2497117	57.30	0	1448
scaffold_553	43388	12275424	282.92	0	2198
scaffold_554	43258	2268182	52.43	0	1829
scaffold_555	43205	2742294	63.47	0	786
scaffold_556	43201	9939533	230.08	0	3743
scaffold_557	43095	2248139	52.17	0	831
scaffold_558	43061	145129	3.37	0	171
scaffold_559	42957	5963957	138.84	0	7439
scaffold_560	42938	17143687	399.27	0	31984
scaffold_561	42895	3737638	87.13	0	2605
scaffold_562	42870	7021006	163.77	0	5176
scaffold_563	42845	4444348	103.73	0	1272
scaffold_564	42821	8165527	190.69	0	17195
scaffold_565	42756	2057318	48.12	0	1021
scaffold_566	42606	2176926	51.09	0	1254
scaffold_567	42546	6478784	152.28	0	3454
scaffold_568	42529	1565264	36.80	0	696
scaffold_569	42467	2951775	69.51	0	1718
scaffold_570	42436	3020695	71.18	0	1909
scaffold_571	42405	2812733	66.33	0	1688
scaffold_572	42361	2845951	67.18	0	758
scaffold_573	42264	4462932	105.60	0	1328
scaffold_574	42262	4554480	107.77	0	2252
scaffold_575	42169	2495966	59.19	0	5482
scaffold_576	42163	6215100	147.41	0	1898
scaffold_577	42051	4240329	100.84	0	2654
scaffold_578	42035	8605041	204.71	0	5219
scaffold_579	41991	2619142	62.37	0	4958
scaffold_580	41906	1074167	25.63	0	1019
scaffold_581	41826	3535697	84.53	0	1587
scaffold_582	41680	3936933	94.46	0	2973
scaffold_583	41583	8761226	210.69	0	11724
scaffold_584	41559	4951	0.12	0	11
scaffold_585	41503	1398383	33.69	0	724
scaffold_586	41486	2982725	71.90	0	868
scaffold_587	41470	4362193	105.19	0	2543
scaffold_588	41447	3671389	88.58	0	2734
scaffold_589	41395	2640658	63.79	0	1630
scaffold_590	41327	7338148	177.56	0	9962
scaffold_591	41295	4551913	110.23	0	4765
scaffold_592	41282	36432	0.88	0	11
scaffold_593	41248	3496727	84.77	0	2508
scaffold_594	41246	12578760	304.97	0	2261
scaffold_595	41210	3758554	91.20	0	1810
scaffold_596	40993	2879595	70.25	0	4875
scaffold_597	40933	1099931	26.87	0	443
scaffold_598	40844	14276055	349.53	0	10066
scaffold_599	40796	2090707	51.25	0	1499
scaffold_600	40792	11482	0.28	0	24
scaffold_601	40735	4575977	112.34	0	2068
scaffold_602	40729	34039	0.84	0	17
scaffold_603	40692	7976022	196.01	0	2113
scaffold_604	40679	5151471	126.64	0	3826
scaffold_605	40672	4840421	119.01	0	3334
scaffold_606	40565	4899438	120.78	0	4781
scaffold_607	40452	4317421	106.73	0	2850
scaffold_608	40390	8354414	206.84	0	7552
scaffold_609	40386	1960500	48.54	0	571
scaffold_610	40334	1646649	40.83	0	400
scaffold_611	40236	1280544	31.83	0	837
scaffold_612	40225	2132549	53.02	0	1258
scaffold_613	40205	3426286	85.22	0	2581
scaffold_614	40072	5173067	129.09	0	9699
scaffold_615	40031	5188301	129.61	0	2209
scaffold_616	39952	2230746	55.84	0	2394
scaffold_617	39947	38584587	965.89	0	12586
scaffold_618	39938	2368755	59.31	0	5397
scaffold_619	39936	24439331	611.96	0	9174
scaffold_620	39919	2081119	52.13	0	1828
scaffold_621	39909	8541286	214.02	0	3021
scaffold_622	39888	6608104	165.67	0	2227
scaffold_623	39880	2464584	61.80	0	557
scaffold_624	39822	2010253	50.48	0	3239
scaffold_625	39800	1204956	30.28	0	872
scaffold_626	39790	3231672	81.22	0	4941
scaffold_627	39751	1091430	27.46	0	628
scaffold_628	39605	57405717	1449.46	0	46810
scaffold_629	39581	4414934	111.54	0	1505
scaffold_630	39561	944739	23.88	0	387
scaffold_631	39507	1810333	45.82	0	616
scaffold_632	39400	5971785	151.57	0	8431
scaffold_633	39375	8192413	208.06	0	17921
scaffold_634	39301	27314	0.69	0	195
scaffold_635	39278	2089741	53.20	0	3564
scaffold_636	39266	17761914	452.35	0	13125
scaffold_637	39169	6500400	165.96	0	6095
scaffold_638	38982	235377	6.04	0	698
scaffold_639	38915	8333288	214.14	0	1926
scaffold_640	38873	3247522	83.54	0	1867
scaffold_641	38758	1573126	40.59	0	3461
scaffold_642	38757	2181394	56.28	0	3483
scaffold_643	38728	128038	3.31	0	230
scaffold_644	38711	2542	0.07	0	3
scaffold_645	38702	1410014	36.43	0	811
scaffold_646	38696	3392877	87.68	0	3563
scaffold_647	38590	3610796	93.57	0	1933
scaffold_648	38573	8462057	219.38	0	4878
scaffold_649	38515	2426379	63.00	0	1496
scaffold_650	38496	7299543	189.62	0	3358
scaffold_651	38430	2589088	67.37	0	1322
scaffold_652	38280	597236	15.60	0	890
scaffold_653	38232	3433076	89.80	0	1387
scaffold_654	38157	1114932	29.22	0	1039
scaffold_655	38049	5934051	155.96	0	7405
scaffold_656	37976	1841583	48.49	0	709
scaffold_657	37939	3502	0.09	0	16
scaffold_658	37904	3126380	82.48	0	1121
scaffold_659	37901	29909021	789.14	0	21155
scaffold_660	37852	111692	2.95	0	56
scaffold_661	37783	109602	2.90	0	359
scaffold_662	37716	4810046	127.53	0	1421
scaffold_663	37711	1844658	48.92	0	822
scaffold_664	37626	7191501	191.13	0	2870
scaffold_665	37458	2035866	54.35	0	735
scaffold_666	37441	1336041	35.68	0	753
scaffold_667	37407	2029294	54.25	0	1165
scaffold_668	37346	5235	0.14	0	8
scaffold_669	37339	1996598	53.47	0	813
scaffold_670	37280	2826792	75.83	0	1691
scaffold_671	37265	8069662	216.55	0	5542
scaffold_672	37241	9698734	260.43	0	2260
scaffold_673	37232	4900190	131.61	0	2432
scaffold_674	37150	2815097	75.78	0	2687
scaffold_675	37142	1115342	30.03	0	711
scaffold_676	37112	697520	18.79	0	501
scaffold_677	37098	5150913	138.85	0	12781
scaffold_678	37089	14905633	401.89	0	10823
scaffold_679	36999	969451	26.20	0	821
scaffold_680	36989	2307087	62.37	0	4973
scaffold_681	36944	4171275	112.91	0	1695
scaffold_682	36908	6269396	169.87	0	8060
scaffold_683	36884	1840459	49.90	0	1548
scaffold_684	36851	4909358	133.22	0	5709
scaffold_685	36847	3250576	88.22	0	3792
scaffold_686	36767	9179100	249.66	0	10885
scaffold_687	36754	10483	0.29	0	30
scaffold_688	36675	266177	7.26	0	101
scaffold_689	36672	7220896	196.90	0	3570
scaffold_690	36544	6201614	169.70	0	7312
scaffold_691	36485	3821749	104.75	0	4864
scaffold_692	36459	759368	20.83	0	484
scaffold_693	36415	1565317	42.99	0	844
scaffold_694	36399	124850	3.43	0	158
scaffold_695	36398	939494	25.81	0	453
scaffold_696	36368	6119900	168.28	0	2760
scaffold_697	36354	3121228	85.86	0	4328
scaffold_698	36311	4436211	122.17	0	4119
scaffold_699	36311	4884407	134.52	0	10384
scaffold_700	36306	6728	0.19	0	17
scaffold_701	36276	3583047	98.77	0	3898
scaffold_702	36186	100830	2.79	0	59
scaffold_703	36168	19642	0.54	0	7
scaffold_704	36054	4070	0.11	0	24
scaffold_705	35918	7204172	200.57	0	3586
scaffold_706	35889	460965	12.84	0	206
scaffold_707	35865	1593623	44.43	0	569
scaffold_708	35858	1046185	29.18	0	2564
scaffold_709	35824	604767	16.88	0	280
scaffold_710	35806	2168733	60.57	0	1425
scaffold_711	35806	7573498	211.51	0	7429
scaffold_712	35797	106177	2.97	0	142
scaffold_713	35794	53680	1.50	0	35
scaffold_714	35749	1390691	38.90	0	601
scaffold_715	35709	4703085	131.71	0	6037
scaffold_716	35681	547407	15.34	0	503
scaffold_717	35589	168276	4.73	0	107
scaffold_718	35505	18654	0.53	0	49
scaffold_719	35471	29416	0.83	0	51
scaffold_720	35446	1611590	45.47	0	600
scaffold_721	35419	1736561	49.03	0	677
scaffold_722	35348	1213415	34.33	0	431
scaffold_723	35260	6646613	188.50	0	2313
scaffold_724	35192	9128528	259.39	0	1828
scaffold_725	35139	4589477	130.61	0	3234
scaffold_726	35108	9031996	257.26	0	2495
scaffold_727	35031	2026439	57.85	0	951
scaffold_728	35009	5615919	160.41	0	4834
scaffold_729	34967	958662	27.42	0	6483
scaffold_730	34900	48520669	1390.28	0	123068
scaffold_731	34862	3569074	102.38	0	3522
scaffold_732	34827	1442262	41.41	0	574
scaffold_733	34775	52835	1.52	0	81
scaffold_734	34771	6667998	191.77	0	15011
scaffold_735	34733	694824	20.00	0	416
scaffold_736	34660	1912962	55.19	0	2349
scaffold_737	34604	3577137	103.37	0	4240
scaffold_738	34587	2258662	65.30	0	1577
scaffold_739	34582	2657813	76.86	0	947
scaffold_740	34576	894993	25.88	0	607
scaffold_741	34554	2995219	86.68	0	876
scaffold_742	34487	6065945	175.89	0	8334
scaffold_743	34324	9383083	273.37	0	10379
scaffold_744	34279	3764356	109.82	0	2428
scaffold_745	34151	696704	20.40	0	463
scaffold_746	34106	33795	0.99	0	38
scaffold_747	34100	3029858	88.85	0	5423
scaffold_748	34059	2858793	83.94	0	849
scaffold_749	34003	5316	0.16	0	51
scaffold_750	33985	1010281	29.73	0	1640
scaffold_751	33975	3377	0.10	0	6
scaffold_752	33919	3525771	103.95	0	1933
scaffold_753	33800	54580	1.61	0	63
scaffold_754	33689	18609	0.55	0	10
scaffold_755	33681	1280	0.04	0	2
scaffold_756	33658	7797885	231.68	0	10405
scaffold_757	33520	4649	0.14	0	4
scaffold_758	33519	2791074	83.27	0	740
scaffold_759	33469	9480	0.28	0	4
scaffold_760	33458	5278925	157.78	0	2667
scaffold_761	33374	13636463	408.60	0	10820
scaffold_762	33307	2907932	87.31	0	1321
scaffold_763	33272	5148838	154.75	0	2276
scaffold_764	33258	6512262	195.81	0	3447
scaffold_765	33250	958315	28.82	0	314
scaffold_766	33180	14082163	424.42	0	10240
scaffold_767	33161	9333	0.28	0	60
scaffold_768	33156	2172155	65.51	0	1204
scaffold_769	33094	1317090	39.80	0	1615
scaffold_770	33017	1935452	58.62	0	1542
scaffold_771	33001	13693	0.41	0	38
scaffold_772	32998	3182185	96.44	0	1342
scaffold_773	32989	374939	11.37	0	217
scaffold_774	32961	546591	16.58	0	234
scaffold_775	32942	1280038	38.86	0	1167
scaffold_776	32942	7967801	241.87	0	3499
scaffold_777	32847	650604	19.81	0	874
scaffold_778	32845	9437708	287.34	0	5498
scaffold_779	32843	2085521	63.50	0	1136
scaffold_780	32840	344614	10.49	0	2038
scaffold_781	32795	3570370	108.87	0	5684
scaffold_782	32789	2594916	79.14	0	6395
scaffold_783	32738	4180343	127.69	0	2928
scaffold_784	32610	896	0.03	0	5
scaffold_785	32529	19690	0.61	0	24
scaffold_786	32433	3723	0.11	0	4
scaffold_787	32392	3229989	99.72	0	1494
scaffold_788	32392	1395523	43.08	0	576
scaffold_789	32389	1166	0.04	0	30
scaffold_790	32383	138233	4.27	0	122
scaffold_791	32366	202260	6.25	0	451
scaffold_792	32355	1248384	38.58	0	879
scaffold_793	32306	2788402	86.31	0	3920
scaffold_794	32300	9200951	284.86	0	12052
scaffold_795	32237	56313	1.75	0	116
scaffold_796	32157	2338838	72.73	0	1242
scaffold_797	32155	6618002	205.82	0	3929
scaffold_798	32092	1378586	42.96	0	4150
scaffold_799	32074	672918	20.98	0	1217
scaffold_800	32064	1738510	54.22	0	2079
scaffold_801	32055	2622583	81.82	0	906
scaffold_802	32016	6233498	194.70	0	2148
scaffold_803	31849	4852052	152.35	0	2410
scaffold_804	31849	6851272	215.12	0	3511
scaffold_805	31817	4639	0.15	0	4
scaffold_806	31816	1387913	43.62	0	451
scaffold_807	31765	19566	0.62	0	62
scaffold_808	31755	5150212	162.19	0	2137
scaffold_809	31751	5329152	167.84	0	4347
scaffold_810	31709	2969139	93.64	0	6693
scaffold_811	31655	1416876	44.76	0	823
scaffold_812	31652	2153668	68.04	0	1871
scaffold_813	31642	4156897	131.37	0	26534
scaffold_814	31634	1052740	33.28	0	320
scaffold_815	31621	1547415	48.94	0	565
scaffold_816	31609	709541	22.45	0	606
scaffold_817	31569	3608616	114.31	0	9212
scaffold_818	31549	2126705	67.41	0	1254
scaffold_819	31527	4243043	134.58	0	5531
scaffold_820	31487	10739765	341.09	0	6709
scaffold_821	31487	1575052	50.02	0	2655
scaffold_822	31464	2633201	83.69	0	7269
scaffold_823	31463	1155000	36.71	0	3744
scaffold_824	31444	4065740	129.30	0	1588
scaffold_825	31339	288794	9.22	0	216
scaffold_826	31318	1699650	54.27	0	3061
scaffold_827	31314	878271	28.05	0	482
scaffold_828	31306	3248490	103.77	0	2584
scaffold_829	31279	852167	27.24	0	1050
scaffold_830	31134	1811182	58.17	0	1221
scaffold_831	31124	7596408	244.07	0	3854
scaffold_832	31102	1862206	59.87	0	6344
scaffold_833	31056	1023149	32.95	0	1153
scaffold_834	31055	4843625	155.97	0	13918
scaffold_835	31051	5641777	181.69	0	6041
scaffold_836	30987	1230672	39.72	0	1230
scaffold_837	30987	202794	6.54	0	716
scaffold_838	30953	1058068	34.18	0	499
scaffold_839	30942	120494	3.89	0	189
scaffold_840	30930	6900460	223.10	0	3385
scaffold_841	30878	23870183	773.05	0	18725
scaffold_842	30875	456952	14.80	0	770
scaffold_843	30843	7761906	251.66	0	12110
scaffold_844	30832	1890298	61.31	0	2309
scaffold_845	30784	2885225	93.72	0	1899
scaffold_846	30743	2314972	75.30	0	1778
scaffold_847	30739	12263	0.40	0	31
scaffold_848	30720	2647881	86.19	0	1728
scaffold_849	30697	1701696	55.44	0	1851
scaffold_850	30692	18702338	609.36	0	18739
scaffold_851	30686	5459988	177.93	0	11612
scaffold_852	30670	3152	0.10	0	8
scaffold_853	30637	786177	25.66	0	606
scaffold_854	30596	7541841	246.50	0	3901
scaffold_855	30586	25927735	847.70	0	25562
scaffold_856	30531	4646322	152.18	0	1577
scaffold_857	30462	1079613	35.44	0	351
scaffold_858	30461	29887	0.98	0	38
scaffold_859	30448	1491764	48.99	0	1010
scaffold_860	30429	5167221	169.81	0	1966
scaffold_861	30423	5414580	177.98	0	4118
scaffold_862	30405	5520	0.18	0	14
scaffold_863	30338	784067	25.84	0	2260
scaffold_864	30269	3444054	113.78	0	3718
scaffold_865	30251	6892	0.23	0	24
scaffold_866	30196	824290	27.30	0	563
scaffold_867	30195	8555	0.28	0	41
scaffold_868	30182	197775	6.55	0	204
scaffold_869	30143	3327379	110.39	0	1038
scaffold_870	30139	1983108	65.80	0	1784
scaffold_871	30120	318	0.01	0	12
scaffold_872	30113	601659	19.98	0	2744
scaffold_873	30086	3024912	100.54	0	1443
scaffold_874	30031	903284	30.08	0	218
scaffold_875	29986	873534	29.13	0	331
scaffold_876	29932	11391971	380.60	0	8306
scaffold_877	29812	291762	9.79	0	67
scaffold_878	29804	12753	0.43	0	68
scaffold_879	29768	9387555	315.36	0	6651
scaffold_880	29741	672556	22.61	0	299
scaffold_881	29729	1464613	49.27	0	2317
scaffold_882	29708	4036842	135.88	0	2138
scaffold_883	29675	257999	8.69	0	444
scaffold_884	29658	14828	0.50	0	67
scaffold_885	29652	4528190	152.71	0	2407
scaffold_886	29621	1486069	50.17	0	539
scaffold_887	29617	606014	20.46	0	1826
scaffold_888	29599	3403781	115.00	0	4948
scaffold_889	29595	1116755	37.73	0	351
scaffold_890	29590	4340100	146.67	0	3503
scaffold_891	29534	634720	21.49	0	305
scaffold_892	29522	3327080	112.70	0	1948
scaffold_893	29452	14111	0.48	0	6
scaffold_894	29435	327916	11.14	0	943
scaffold_895	29425	93588	3.18	0	80
scaffold_896	29415	4176493	141.99	0	2678
scaffold_897	29337	119676	4.08	0	121
scaffold_898	29337	11814	0.40	0	16
scaffold_899	29292	4723675	161.26	0	1979
scaffold_900	29285	2282730	77.95	0	1359
scaffold_901	29194	5508779	188.70	0	3454
scaffold_902	29186	8287	0.28	0	8
scaffold_903	29162	2168	0.07	0	4
scaffold_904	29142	2863109	98.25	0	1589
scaffold_905	29051	433864	14.93	0	426
scaffold_906	29040	2941986	101.31	0	1887
scaffold_907	29018	5903922	203.46	0	3379
scaffold_908	29015	2117659	72.98	0	782
scaffold_909	28979	8232086	284.07	0	3486
scaffold_910	28970	495953	17.12	0	152
scaffold_911	28946	1324607	45.76	0	576
scaffold_912	28927	7210	0.25	0	18
scaffold_913	28924	10572214	365.52	0	6635
scaffold_914	28884	1711071	59.24	0	2000
scaffold_915	28877	7959108	275.62	0	1888
scaffold_916	28824	378743	13.14	0	513
scaffold_917	28759	2897368	100.75	0	1396
scaffold_918	28727	3360	0.12	0	14
scaffold_919	28724	23774	0.83	0	29
scaffold_920	28661	2296092	80.11	0	779
scaffold_921	28640	1070089	37.36	0	767
scaffold_922	28603	1115280	38.99	0	407
scaffold_923	28591	9783811	342.20	0	1403
scaffold_924	28581	3408724	119.27	0	3696
scaffold_925	28556	3209125	112.38	0	1172
scaffold_926	28553	635266	22.25	0	827
scaffold_927	28517	2468221	86.55	0	2154
scaffold_928	28503	238786	8.38	0	148
scaffold_929	28491	547255	19.21	0	213
scaffold_930	28479	1494666	52.48	0	6511
scaffold_931	28464	1157433	40.66	0	450
scaffold_932	28458	842294	29.60	0	459
scaffold_933	28450	7696	0.27	0	40
scaffold_934	28427	4358783	153.33	0	5034
scaffold_935	28404	1106751	38.96	0	2019
scaffold_936	28358	2530636	89.24	0	1168
scaffold_937	28337	70513	2.49	0	225
scaffold_938	28326	3797948	134.08	0	2207
scaffold_939	28279	3410899	120.62	0	11528
scaffold_940	28268	1021634	36.14	0	6250
scaffold_941	28249	33	0.00	0	1
scaffold_942	28246	6497607	230.04	0	3100
scaffold_943	28236	1095729	38.81	0	481
scaffold_944	28226	17390479	616.12	0	16899
scaffold_945	28160	1180910	41.94	0	917
scaffold_946	28159	57915	2.06	0	122
scaffold_947	28158	921353	32.72	0	1955
scaffold_948	28127	4127192	146.73	0	3229
scaffold_949	28097	20268	0.72	0	132
scaffold_950	28091	3300352	117.49	0	4761
scaffold_951	28085	833381	29.67	0	605
scaffold_952	28031	1282359	45.75	0	494
scaffold_953	28016	7516567	268.30	0	15975
scaffold_954	28007	112877	4.03	0	83
scaffold_955	27972	1879435	67.19	0	744
scaffold_956	27906	1303766	46.72	0	830
scaffold_957	27906	12067554	432.44	0	5268
scaffold_958	27890	89494	3.21	0	126
scaffold_959	27786	1547636	55.70	0	1034
scaffold_960	27765	1953138	70.35	0	689
scaffold_961	27719	1560	0.06	0	2
scaffold_962	27634	46710	1.69	0	104
scaffold_963	27617	77252	2.80	0	1485
scaffold_964	27613	16950	0.61	0	18
scaffold_965	27582	187015	6.78	0	193
scaffold_966	27581	1797708	65.18	0	824
scaffold_967	27533	1066164	38.72	0	566
scaffold_968	27471	9182218	334.25	0	9588
scaffold_969	27457	786865	28.66	0	460
scaffold_970	27401	893919	32.62	0	821
scaffold_971	27358	701890	25.66	0	295
scaffold_972	27288	1544538	56.60	0	1810
scaffold_973	27281	3500760	128.32	0	2322
scaffold_974	27223	1794663	65.92	0	587
scaffold_975	27117	87843	3.24	0	66
scaffold_976	27105	1764	0.07	0	6
scaffold_977	27097	309185	11.41	0	123
scaffold_978	27090	5620	0.21	0	13
scaffold_979	27085	2998823	110.72	0	6131
scaffold_980	27073	1249627	46.16	0	1056
scaffold_981	27068	123131	4.55	0	191
scaffold_982	27062	405901	15.00	0	825
scaffold_983	27050	1425	0.05	0	4
scaffold_984	26977	2865969	106.24	0	1610
scaffold_985	26928	7282375	270.44	0	9267
scaffold_986	26914	1307486	48.58	0	852
scaffold_987	26912	199491	7.41	0	306
scaffold_988	26887	2356092	87.63	0	2981
scaffold_989	26882	955957	35.56	0	672
scaffold_990	26860	2847465	106.01	0	3937
scaffold_991	26840	50900	1.90	0	52
scaffold_992	26802	4728	0.18	0	6
scaffold_993	26733	83828	3.14	0	127
scaffold_994	26624	1233031	46.31	0	403
scaffold_995	26610	1110951	41.75	0	438
scaffold_996	26574	172170	6.48	0	147
scaffold_997	26570	171609	6.46	0	149
scaffold_998	26558	1390056	52.34	0	1740
scaffold_999	26550	1049	0.04	0	6
scaffold_1000	26497	7264	0.27	0	314
scaffold_1001	26481	8622	0.33	0	38
scaffold_1002	26479	7318561	276.39	0	12928
scaffold_1003	26469	117847	4.45	0	143
scaffold_1005	26442	4294452	162.41	0	2923
scaffold_1006	26426	2732568	103.40	0	1102
scaffold_1007	26411	1706	0.06	0	12
scaffold_1008	26405	6421894	243.21	0	8500
scaffold_1009	26386	1390388	52.69	0	1202
scaffold_1010	26356	8416351	319.33	0	1931
scaffold_1011	26353	752663	28.56	0	406
scaffold_1012	26347	2015950	76.52	0	1637
scaffold_1013	26333	5557993	211.07	0	2562
scaffold_1014	26282	2288232	87.06	0	1778
scaffold_1015	26183	770805	29.44	0	670
scaffold_1016	26173	2964692	113.27	0	2465
scaffold_1017	26135	979355	37.47	0	535
scaffold_1018	26019	3391350	130.34	0	4405
scaffold_1019	25918	9287	0.36	0	14
scaffold_1020	25904	1999386	77.18	0	856
scaffold_1021	25903	860	0.03	0	7
scaffold_1022	25892	169793	6.56	0	197
scaffold_1023	25781	794847	30.83	0	468
scaffold_1024	25755	3414996	132.60	0	5227
scaffold_1025	25688	21756	0.85	0	19
scaffold_1026	25659	9646	0.38	0	27
scaffold_1027	25648	1927269	75.14	0	812
scaffold_1028	25620	887526	34.64	0	646
scaffold_1029	25617	2019	0.08	0	72
scaffold_1030	25613	462470	18.06	0	1833
scaffold_1031	25597	35452	1.39	0	29
scaffold_1032	25582	1385363	54.15	0	415
scaffold_1033	25562	14849499	580.92	0	7664
scaffold_1034	25557	4200431	164.36	0	1892
scaffold_1035	25552	989	0.04	0	3
scaffold_1036	25542	5049564	197.70	0	3684
scaffold_1037	25540	6149088	240.76	0	3438
scaffold_1038	25530	4414623	172.92	0	4828
scaffold_1039	25476	5246520	205.94	0	1759
scaffold_1040	25466	251433	9.87	0	135
scaffold_1041	25464	1948449	76.52	0	14011
scaffold_1042	25408	2795758	110.03	0	1102
scaffold_1043	25401	4376159	172.28	0	3487
scaffold_1044	25396	1077196	42.42	0	1197
scaffold_1045	25277	582	0.02	0	2
scaffold_1046	25210	5628	0.22	0	27
scaffold_1047	25197	2116171	83.99	0	6715
scaffold_1048	25185	1178548	46.80	0	925
scaffold_1049	25167	15608	0.62	0	47
scaffold_1050	25164	2536497	100.80	0	3203
scaffold_1051	25160	6500386	258.36	0	13137
scaffold_1052	25150	5078	0.20	0	10
scaffold_1053	25098	4120466	164.18	0	3660
scaffold_1054	25075	6706046	267.44	0	3310
scaffold_1055	25074	4063586	162.06	0	3059
scaffold_1056	25016	1101250	44.02	0	844
scaffold_1057	24958	492746	19.74	0	418
scaffold_1058	24936	4049838	162.41	0	2926
scaffold_1059	24917	4878837	195.80	0	10714
scaffold_1060	24903	7032261	282.39	0	11106
scaffold_1061	24897	1672573	67.18	0	597
scaffold_1062	24852	646097	26.00	0	718
scaffold_1063	24845	7592580	305.60	0	17498
scaffold_1064	24837	1235522	49.75	0	762
scaffold_1065	24746	314099	12.69	0	64
scaffold_1066	24741	374115	15.12	0	370
scaffold_1067	24733	1430638	57.84	0	2016
scaffold_1068	24696	1173629	47.52	0	596
scaffold_1069	24660	23059	0.94	0	29
scaffold_1070	24659	357	0.01	0	4
scaffold_1071	24648	508937	20.65	0	291
scaffold_1072	24648	1508149	61.19	0	753
scaffold_1073	24635	130096	5.28	0	155
scaffold_1074	24633	307287	12.47	0	120
scaffold_1075	24632	2077004	84.32	0	2348
scaffold_1076	24628	2902312	117.85	0	2182
scaffold_1077	24624	22617	0.92	0	58
scaffold_1078	24616	393079	15.97	0	653
scaffold_1079	24611	1389096	56.44	0	499
scaffold_1080	24590	5003909	203.49	0	2367
scaffold_1081	24579	466738	18.99	0	711
scaffold_1082	24575	1015089	41.31	0	1608
scaffold_1083	24567	32567	1.33	0	56
scaffold_1084	24519	4753	0.19	0	6
scaffold_1085	24495	7388278	301.62	0	12653
scaffold_1086	24417	2035918	83.38	0	1334
scaffold_1087	24402	155184	6.36	0	169
scaffold_1088	24384	779331	31.96	0	1625
scaffold_1089	24374	4076	0.17	0	18
scaffold_1090	24298	7287	0.30	0	10
scaffold_1091	24269	2580325	106.32	0	2318
scaffold_1092	24227	12091	0.50	0	18
scaffold_1093	24221	64543	2.66	0	90
scaffold_1094	24116	4338	0.18	0	14
scaffold_1095	24109	9477	0.39	0	278
scaffold_1096	24076	838614	34.83	0	376
scaffold_1097	24069	980061	40.72	0	644
scaffold_1098	24044	111297	4.63	0	142
scaffold_1099	23977	3237	0.14	0	3
scaffold_1100	23964	170791	7.13	0	100
scaffold_1101	23943	1809687	75.58	0	1912
scaffold_1102	23931	53128	2.22	0	60
scaffold_1103	23862	2058104	86.25	0	1003
scaffold_1104	23855	27393	1.15	0	60
scaffold_1105	23840	282341	11.84	0	232
scaffold_1106	23840	783867	32.88	0	434
scaffold_1107	23835	10273	0.43	0	29
scaffold_1108	23822	12350546	518.45	0	17942
scaffold_1109	23785	94946	3.99	0	62
scaffold_1110	23781	8801513	370.11	0	4701
scaffold_1111	23769	26946	1.13	0	48
scaffold_1112	23764	2582522	108.67	0	841
scaffold_1113	23742	69146	2.91	0	260
scaffold_1114	23729	2172911	91.57	0	1462
scaffold_1115	23691	7267	0.31	0	25
scaffold_1116	23690	2343	0.10	0	36
scaffold_1117	23687	44591	1.88	0	130
scaffold_1118	23678	1172170	49.50	0	912
scaffold_1119	23661	53218	2.25	0	170
scaffold_1120	23648	1151710	48.70	0	666
scaffold_1121	23641	454242	19.21	0	435
scaffold_1122	23612	1097432	46.48	0	1227
scaffold_1123	23603	2626768	111.29	0	2958
scaffold_1124	23599	1117825	47.37	0	588
scaffold_1125	23584	2700	0.11	0	9
scaffold_1126	23581	695124	29.48	0	838
scaffold_1127	23580	547410	23.22	0	430
scaffold_1128	23577	325885	13.82	0	183
scaffold_1129	23564	3155498	133.91	0	1300
scaffold_1130	23548	585369	24.86	0	312
scaffold_1131	23532	180861	7.69	0	189
scaffold_1132	23531	740032	31.45	0	782
scaffold_1133	23520	4772	0.20	0	7
scaffold_1134	23511	1634	0.07	0	40
scaffold_1135	23510	93945	4.00	0	84
scaffold_1136	23483	913591	38.90	0	805
scaffold_1137	23462	682800	29.10	0	771
scaffold_1138	23462	2449829	104.42	0	4073
scaffold_1139	23445	2174	0.09	0	3
scaffold_1140	23435	2797	0.12	0	62
scaffold_1141	23423	556650	23.77	0	635
scaffold_1142	23415	2025330	86.50	0	1533
scaffold_1143	23410	3095	0.13	0	8
scaffold_1144	23409	3228486	137.92	0	3231
scaffold_1145	23408	3655	0.16	0	16
scaffold_1146	23362	355314	15.21	0	194
scaffold_1147	23347	4540	0.19	0	4
scaffold_1148	23344	6177	0.26	0	5
scaffold_1149	23333	401003	17.19	0	2654
scaffold_1150	23326	19619	0.84	0	26
scaffold_1151	23289	9751	0.42	0	31
scaffold_1152	23266	1699	0.07	0	2
scaffold_1153	23263	9642971	414.52	0	12997
scaffold_1154	23256	4918	0.21	0	16
scaffold_1155	23236	3026308	130.24	0	7106
scaffold_1156	23228	5994618	258.08	0	3430
scaffold_1157	23209	7169304	308.90	0	3656
scaffold_1158	23159	1592	0.07	0	56
scaffold_1159	23134	186615	8.07	0	242
scaffold_1160	23092	3927	0.17	0	12
scaffold_1161	23089	874344	37.87	0	514
scaffold_1162	23071	1736458	75.27	0	1363
scaffold_1163	23068	1276	0.06	0	3
scaffold_1164	23040	1766777	76.68	0	4239
scaffold_1165	23031	2906	0.13	0	6
scaffold_1166	23017	7763	0.34	0	30
scaffold_1167	22995	179516	7.81	0	1258
scaffold_1168	22971	777242	33.84	0	849
scaffold_1169	22907	1249726	54.56	0	1115
scaffold_1170	22868	57983	2.54	0	112
scaffold_1171	22857	375	0.02	0	2
scaffold_1172	22828	48042	2.10	0	895
scaffold_1173	22754	2010924	88.38	0	1401
scaffold_1174	22746	20884104	918.14	0	14914
scaffold_1175	22743	924920	40.67	0	2752
scaffold_1176	22740	2061173	90.64	0	814
scaffold_1177	22732	65950	2.90	0	1491
scaffold_1178	22724	4470907	196.75	0	3204
scaffold_1179	22715	652152	28.71	0	437
scaffold_1180	22695	596	0.03	0	14
scaffold_1181	22691	834769	36.79	0	360
scaffold_1182	22644	607006	26.81	0	365
scaffold_1183	22628	526991	23.29	0	1121
scaffold_1184	22626	9252	0.41	0	8
scaffold_1185	22620	892694	39.46	0	629
scaffold_1186	22602	360	0.02	0	4
scaffold_1187	22582	46631	2.06	0	53
scaffold_1188	22562	9550	0.42	0	25
scaffold_1189	22544	1108482	49.17	0	1287
scaffold_1190	22537	75439	3.35	0	112
scaffold_1191	22529	841545	37.35	0	288
scaffold_1192	22460	132211	5.89	0	147
scaffold_1193	22449	168	0.01	0	4
scaffold_1194	22364	7170	0.32	0	5
scaffold_1195	22359	26837	1.20	0	94
scaffold_1196	22279	9134	0.41	0	13
scaffold_1197	22214	2647	0.12	0	32
scaffold_1198	22210	2353363	105.96	0	1440
scaffold_1199	22210	1115494	50.22	0	581
scaffold_1200	22202	3672321	165.40	0	2829
scaffold_1201	22198	32339	1.46	0	48
scaffold_1202	22171	21645	0.98	0	24
scaffold_1203	22161	1340291	60.48	0	1305
scaffold_1204	22138	2156752	97.42	0	1524
scaffold_1205	22123	905300	40.92	0	391
scaffold_1206	22121	7471	0.34	0	22
scaffold_1207	22098	81137	3.67	0	82
scaffold_1208	22077	3255898	147.48	0	4150
scaffold_1209	22069	518439	23.49	0	1090
scaffold_1210	22041	9481948	430.20	0	13184
scaffold_1211	22001	1127175	51.23	0	873
scaffold_1212	21990	1395818	63.48	0	1133
scaffold_1213	21986	2101162	95.57	0	1659
scaffold_1214	21956	168054	7.65	0	165
scaffold_1215	21947	2268	0.10	0	4
scaffold_1216	21916	1335285	60.93	0	953
scaffold_1217	21909	17390	0.79	0	7
scaffold_1218	21896	2266787	103.53	0	1256
scaffold_1219	21879	587801	26.87	0	408
scaffold_1220	21874	295053	13.49	0	260
scaffold_1221	21873	406343	18.58	0	285
scaffold_1222	21869	36976	1.69	0	45
scaffold_1223	21865	336339	15.38	0	184
scaffold_1224	21834	7174	0.33	0	4
scaffold_1225	21810	270831	12.42	0	166
scaffold_1226	21808	1696391	77.79	0	952
scaffold_1227	21797	4667166	214.12	0	10175
scaffold_1228	21794	374227	17.17	0	250
scaffold_1229	21782	12749	0.59	0	30
scaffold_1230	21762	129045	5.93	0	141
scaffold_1231	21748	7358	0.34	0	19
scaffold_1232	21723	1853829	85.34	0	2024
scaffold_1233	21717	15350	0.71	0	31
scaffold_1234	21709	21521	0.99	0	103
scaffold_1235	21699	6929844	319.36	0	3374
scaffold_1236	21698	186343	8.59	0	139
scaffold_1237	21692	5162	0.24	0	18
scaffold_1238	21684	1171371	54.02	0	482
scaffold_1239	21668	5469506	252.42	0	7946
scaffold_1240	21648	260598	12.04	0	97
scaffold_1241	21643	3617726	167.15	0	2303
scaffold_1242	21622	7385	0.34	0	34
scaffold_1243	21621	50915	2.35	0	67
scaffold_1244	21604	84437	3.91	0	59
scaffold_1245	21580	259116	12.01	0	523
scaffold_1246	21578	556191	25.78	0	747
scaffold_1247	21574	301681	13.98	0	643
scaffold_1248	21556	1480026	68.66	0	1138
scaffold_1249	21535	5531306	256.85	0	5866
scaffold_1250	21530	1597949	74.22	0	1575
scaffold_1251	21491	13506	0.63	0	20
scaffold_1252	21482	1050107	48.88	0	576
scaffold_1253	21426	3126348	145.91	0	1721
scaffold_1254	21409	138721	6.48	0	98
scaffold_1255	21403	14590426	681.70	0	3149
scaffold_1256	21394	1236	0.06	0	4
scaffold_1257	21391	2468	0.12	0	8
scaffold_1258	21353	1455	0.07	0	12
scaffold_1259	21350	352404	16.51	0	1569
scaffold_1260	21345	2385887	111.78	0	3196
scaffold_1261	21336	1556271	72.94	0	454
scaffold_1262	21329	5244604	245.89	0	19853
scaffold_1263	21328	2182170	102.31	0	3595
scaffold_1264	21311	2674	0.13	0	14
scaffold_1265	21304	3564	0.17	0	13
scaffold_1266	21304	1545521	72.55	0	10493
scaffold_1267	21270	2750099	129.29	0	2498
scaffold_1268	21247	2302461	108.37	0	6377
scaffold_1269	21247	29363	1.38	0	25
scaffold_1270	21227	2830083	133.32	0	5681
scaffold_1271	21209	1356648	63.97	0	6452
scaffold_1272	21206	1140729	53.79	0	3495
scaffold_1273	21185	403708	19.06	0	260
scaffold_1274	21165	55702	2.63	0	103
scaffold_1275	21148	4218	0.20	0	10
scaffold_1276	21145	1242933	58.78	0	987
scaffold_1277	21137	927892	43.90	0	683
scaffold_1278	21127	9328456	441.54	0	4787
scaffold_1279	21108	591278	28.01	0	934
scaffold_1280	21036	2762900	131.34	0	1139
scaffold_1281	21018	1385440	65.92	0	2891
scaffold_1282	20979	467	0.02	0	2
scaffold_1283	20966	2408	0.11	0	30
scaffold_1284	20956	779640	37.20	0	791
scaffold_1285	20915	22436	1.07	0	17
scaffold_1286	20904	410492	19.64	0	415
scaffold_1287	20892	1705016	81.61	0	1075
scaffold_1288	20884	285282	13.66	0	158
scaffold_1289	20869	2012480	96.43	0	1443
scaffold_1290	20869	10435	0.50	0	10
scaffold_1291	20812	313	0.02	0	2
scaffold_1292	20811	3615741	173.74	0	1336
scaffold_1293	20808	578815	27.82	0	292
scaffold_1294	20795	583697	28.07	0	1040
scaffold_1295	20777	541445	26.06	0	301
scaffold_1296	20777	664777	32.00	0	2781
scaffold_1297	20776	4147	0.20	0	15
scaffold_1298	20771	630095	30.34	0	309
scaffold_1299	20687	916	0.04	0	7
scaffold_1300	20679	2652	0.13	0	14
scaffold_1301	20648	1047011	50.71	0	1834
scaffold_1302	20636	1363	0.07	0	6
scaffold_1303	20629	45507	2.21	0	88
scaffold_1304	20627	26557378	1287.51	0	60836
scaffold_1305	20621	748409	36.29	0	474
scaffold_1306	20595	1153860	56.03	0	350
scaffold_1307	20552	1175429	57.19	0	1070
scaffold_1308	20534	1785283	86.94	0	2474
scaffold_1309	20521	2632273	128.27	0	2223
scaffold_1310	20515	1959491	95.52	0	761
scaffold_1311	20492	1373	0.07	0	4
scaffold_1312	20492	17272	0.84	0	10
scaffold_1313	20489	17107	0.83	0	11
scaffold_1314	20472	2111	0.10	0	4
scaffold_1315	20471	3626862	177.17	0	4653
scaffold_1316	20470	3534	0.17	0	11
scaffold_1317	20468	1814997	88.67	0	1137
scaffold_1318	20458	3109224	151.98	0	2412
scaffold_1319	20435	2089135	102.23	0	2042
scaffold_1320	20420	13786	0.68	0	28
scaffold_1321	20420	118480	5.80	0	110
scaffold_1322	20415	132138	6.47	0	86
scaffold_1323	20403	263932	12.94	0	388
scaffold_1324	20386	4073	0.20	0	10
scaffold_1325	20363	828270	40.68	0	1170
scaffold_1326	20362	1936132	95.09	0	1553
scaffold_1327	20341	1497746	73.63	0	1110
scaffold_1328	20341	2858770	140.54	0	2580
scaffold_1329	20321	12003	0.59	0	33
scaffold_1330	20316	363413	17.89	0	1249
scaffold_1331	20310	2259328	111.24	0	2351
scaffold_1332	20296	50393	2.48	0	27
scaffold_1333	20280	2883	0.14	0	68
scaffold_1334	20271	4534	0.22	0	4
scaffold_1335	20270	1217004	60.04	0	2639
scaffold_1336	20227	599079	29.62	0	309
scaffold_1337	20223	1347	0.07	0	9
scaffold_1338	20222	5326	0.26	0	21
scaffold_1339	20175	3408	0.17	0	160
scaffold_1340	20146	2231638	110.77	0	1396
scaffold_1341	20139	4865	0.24	0	12
scaffold_1342	20124	6956	0.35	0	12
scaffold_1343	20056	5982	0.30	0	23
scaffold_1344	20056	3584	0.18	0	11
scaffold_1345	20048	6329505	315.72	0	7047
scaffold_1346	20039	1035256	51.66	0	729
scaffold_1347	20032	2522434	125.92	0	1038
scaffold_1348	19991	690160	34.52	0	275
scaffold_1349	19990	19428	0.97	0	32
scaffold_1350	19981	67182	3.36	0	72
scaffold_1351	19977	5388823	269.75	0	22713
scaffold_1352	19968	2051658	102.75	0	1556
scaffold_1353	19961	444841	22.29	0	476
scaffold_1354	19959	15520	0.78	0	90
scaffold_1355	19957	71168	3.57	0	58
scaffold_1356	19949	248	0.01	0	1
scaffold_1357	19928	487	0.02	0	2
scaffold_1358	19887	249364	12.54	0	59
scaffold_1359	19886	3579033	179.98	0	1242
scaffold_1360	19878	37332	1.88	0	816
scaffold_1361	19867	2756421	138.74	0	4041
scaffold_1362	19854	19572	0.99	0	110
scaffold_1363	19834	187125	9.43	0	121
scaffold_1364	19827	21393	1.08	0	34
scaffold_1365	19824	287195	14.49	0	280
scaffold_1366	19819	205484	10.37	0	251
scaffold_1367	19791	29279	1.48	0	24
scaffold_1368	19789	20093	1.02	0	9
scaffold_1369	19769	56389	2.85	0	48
scaffold_1370	19724	477872	24.23	0	753
scaffold_1371	19722	214044	10.85	0	195
scaffold_1372	19707	4650	0.24	0	10
scaffold_1373	19680	928199	47.16	0	497
scaffold_1374	19678	4729	0.24	0	24
scaffold_1375	19636	1700	0.09	0	10
scaffold_1376	19624	12316	0.63	0	61
scaffold_1377	19602	141919	7.24	0	102
scaffold_1378	19601	1078145	55.00	0	753
scaffold_1379	19573	682920	34.89	0	323
scaffold_1380	19572	1649547	84.28	0	1820
scaffold_1381	19561	146464	7.49	0	170
scaffold_1382	19560	2390	0.12	0	19
scaffold_1383	19554	9350	0.48	0	23
scaffold_1384	19484	796885	40.90	0	1047
scaffold_1385	19470	3347814	171.95	0	2058
scaffold_1386	19464	857186	44.04	0	1720
scaffold_1387	19429	75912	3.91	0	83
scaffold_1388	19423	526	0.03	0	16
scaffold_1389	19367	18990	0.98	0	38
scaffold_1390	19347	2537	0.13	0	22
scaffold_1391	19318	446	0.02	0	14
scaffold_1392	19288	41169	2.13	0	45
scaffold_1393	19270	441986	22.94	0	230
scaffold_1394	19220	2294258	119.37	0	1179
scaffold_1395	19201	6328	0.33	0	34
scaffold_1396	19162	20321	1.06	0	26
scaffold_1397	19160	8962	0.47	0	38
scaffold_1398	19153	4576	0.24	0	13
scaffold_1399	19140	965593	50.45	0	466
scaffold_1400	19127	8470	0.44	0	13
scaffold_1401	19111	1155139	60.44	0	1819
scaffold_1402	19065	7169	0.38	0	30
scaffold_1403	19053	790036	41.47	0	546
scaffold_1404	19035	567236	29.80	0	287
scaffold_1405	18952	2215	0.12	0	11
scaffold_1406	18926	4758	0.25	0	11
scaffold_1407	18917	420680	22.24	0	743
scaffold_1408	18864	1591	0.08	0	2
scaffold_1409	18858	382326	20.27	0	690
scaffold_1410	18828	92258	4.90	0	150
scaffold_1411	18826	1606073	85.31	0	4530
scaffold_1412	18802	31818	1.69	0	52
scaffold_1413	18802	1296805	68.97	0	727
scaffold_1414	18787	8597	0.46	0	36
scaffold_1415	18760	8445	0.45	0	12
scaffold_1416	18748	1512597	80.68	0	1752
scaffold_1417	18737	1436690	76.68	0	2614
scaffold_1418	18709	324913	17.37	0	154
scaffold_1419	18692	12578	0.67	0	31
scaffold_1420	18689	18437	0.99	0	74
scaffold_1421	18662	85250	4.57	0	100
scaffold_1422	18651	9751	0.52	0	17
scaffold_1423	18640	757533	40.64	0	673
scaffold_1424	18637	380995	20.44	0	287
scaffold_1425	18611	206649	11.10	0	253
scaffold_1426	18593	818831	44.04	0	691
scaffold_1427	18593	31684	1.70	0	261
scaffold_1428	18586	10566	0.57	0	26
scaffold_1429	18582	1020	0.05	0	3
scaffold_1430	18567	20496	1.10	0	31
scaffold_1431	18545	379515	20.46	0	177
scaffold_1432	18533	1452813	78.39	0	604
scaffold_1433	18504	63	0.00	0	1
scaffold_1434	18492	798470	43.18	0	374
scaffold_1435	18472	2322	0.13	0	10
scaffold_1436	18472	48128	2.61	0	100
scaffold_1437	18471	136590	7.39	0	169
scaffold_1438	18449	1647	0.09	0	13
scaffold_1439	18445	1582777	85.81	0	1102
scaffold_1440	18424	1460765	79.29	0	827
scaffold_1441	18404	427762	23.24	0	175
scaffold_1442	18386	2542	0.14	0	30
scaffold_1443	18377	7105	0.39	0	18
scaffold_1444	18372	2441124	132.87	0	1932
scaffold_1445	18340	3386840	184.67	0	1242
scaffold_1446	18333	4650	0.25	0	14
scaffold_1447	18310	72004	3.93	0	132
scaffold_1448	18288	38257	2.09	0	99
scaffold_1449	18286	4772	0.26	0	12
scaffold_1450	18279	3580	0.20	0	38
scaffold_1451	18259	1385205	75.86	0	544
scaffold_1452	18252	1147	0.06	0	34
scaffold_1453	18238	1727581	94.72	0	1320
scaffold_1454	18238	4812	0.26	0	11
scaffold_1455	18230	957316	52.51	0	422
scaffold_1456	18221	4326	0.24	0	17
scaffold_1457	18188	2363777	129.96	0	5035
scaffold_1458	18183	1519	0.08	0	13
scaffold_1459	18181	17967	0.99	0	15
scaffold_1460	18174	109706	6.04	0	36
scaffold_1461	18148	609808	33.60	0	296
scaffold_1462	18134	458546	25.29	0	509
scaffold_1463	18111	293127	16.19	0	262
scaffold_1464	18107	219	0.01	0	2
scaffold_1465	18098	5568	0.31	0	25
scaffold_1466	18079	2376285	131.44	0	2582
scaffold_1467	18048	2424443	134.33	0	856
scaffold_1468	18042	266007	14.74	0	812
scaffold_1469	18021	3065	0.17	0	3
scaffold_1470	18012	1354865	75.22	0	1029
scaffold_1471	17997	942480	52.37	0	546
scaffold_1472	17995	3642877	202.44	0	3864
scaffold_1473	17993	44793	2.49	0	53
scaffold_1474	17990	4806	0.27	0	12
scaffold_1475	17969	1232	0.07	0	60
scaffold_1476	17954	8923	0.50	0	20
scaffold_1477	17934	2450	0.14	0	5
scaffold_1478	17912	2286970	127.68	0	1327
scaffold_1479	17889	151451	8.47	0	378
scaffold_1480	17888	5155194	288.19	0	4531
scaffold_1481	17885	14510	0.81	0	12
scaffold_1482	17884	502667	28.11	0	425
scaffold_1483	17882	607245	33.96	0	219
scaffold_1484	17880	1309676	73.25	0	923
scaffold_1485	17879	2180	0.12	0	6
scaffold_1486	17832	1208475	67.77	0	558
scaffold_1487	17829	4482044	251.39	0	54421
scaffold_1488	17809	686	0.04	0	3
scaffold_1489	17785	21345	1.20	0	67
scaffold_1490	17764	6384	0.36	0	20
scaffold_1491	17723	412584	23.28	0	822
scaffold_1492	17721	4385133	247.45	0	4277
scaffold_1493	17719	1759572	99.30	0	773
scaffold_1494	17716	24166	1.36	0	58
scaffold_1495	17715	5741	0.32	0	82
scaffold_1496	17709	14466	0.82	0	33
scaffold_1497	17702	67	0.00	0	2
scaffold_1498	17700	2762	0.16	0	12
scaffold_1499	17672	404	0.02	0	2
scaffold_1500	17641	1321	0.07	0	9
scaffold_1501	17634	180423	10.23	0	793
scaffold_1502	17630	2048	0.12	0	10
scaffold_1503	17611	3387380	192.34	0	3649
scaffold_1504	17604	6219190	353.28	0	3461
scaffold_1505	17593	6190	0.35	0	8
scaffold_1506	17586	4572616	260.01	0	1834
scaffold_1507	17579	168886	9.61	0	140
scaffold_1508	17576	1005011	57.18	0	507
scaffold_1509	17570	524615	29.86	0	1217
scaffold_1510	17568	238998	13.60	0	217
scaffold_1511	17564	34068	1.94	0	26
scaffold_1512	17557	826117	47.05	0	625
scaffold_1513	17552	513793	29.27	0	1767
scaffold_1514	17546	908	0.05	0	4
scaffold_1515	17527	1797953	102.58	0	3409
scaffold_1516	17519	1231981	70.32	0	425
scaffold_1517	17513	879	0.05	0	6
scaffold_1518	17512	29608	1.69	0	51
scaffold_1519	17511	510841	29.17	0	388
scaffold_1520	17486	36648	2.10	0	77
scaffold_1521	17480	1366	0.08	0	4
scaffold_1522	17463	3056562	175.03	0	2511
scaffold_1523	17437	105	0.01	0	1
scaffold_1524	17417	144388	8.29	0	100
scaffold_1525	17416	897360	51.53	0	1195
scaffold_1526	17406	12969	0.75	0	6
scaffold_1527	17403	1126	0.06	0	4
scaffold_1528	17398	1162	0.07	0	6
scaffold_1529	17385	1523	0.09	0	5
scaffold_1530	17384	262227	15.08	0	341
scaffold_1531	17378	30844	1.77	0	172
scaffold_1532	17362	14089	0.81	0	28
scaffold_1533	17353	14135	0.81	0	50
scaffold_1534	17345	4921	0.28	0	16
scaffold_1535	17337	804141	46.38	0	360
scaffold_1536	17321	2561385	147.88	0	6364
scaffold_1537	17319	1352162	78.07	0	1012
scaffold_1538	17297	4954	0.29	0	30
scaffold_1539	17271	23876	1.38	0	80
scaffold_1540	17264	16730102	969.07	0	13474
scaffold_1541	17242	653221	37.89	0	254
scaffold_1542	17239	1575	0.09	0	16
scaffold_1543	17238	1217	0.07	0	5
scaffold_1544	17222	19234	1.12	0	42
scaffold_1545	17196	1924	0.11	0	15
scaffold_1546	17178	2396	0.14	0	4
scaffold_1547	17132	4528424	264.33	0	3565
scaffold_1548	17127	847334	49.47	0	574
scaffold_1549	17122	831	0.05	0	2
scaffold_1550	17119	1666	0.10	0	4
scaffold_1551	17093	447	0.03	0	3
scaffold_1552	17085	1266418	74.12	0	1249
scaffold_1553	17076	3013	0.18	0	29
scaffold_1554	16994	1069	0.06	0	3
scaffold_1555	16984	9680	0.57	0	28
scaffold_1556	16983	10939	0.64	0	23
scaffold_1557	16979	36443018	2146.36	0	30909
scaffold_1558	16969	10829	0.64	0	96
scaffold_1559	16965	216	0.01	0	1
scaffold_1560	16948	65500	3.86	0	83
scaffold_1561	16945	433032	25.56	0	297
scaffold_1562	16936	4476	0.26	0	10
scaffold_1563	16924	796	0.05	0	2
scaffold_1564	16886	255	0.02	0	1
scaffold_1565	16880	30046	1.78	0	101
scaffold_1566	16864	850433	50.43	0	2014
scaffold_1567	16852	16510	0.98	0	31
scaffold_1568	16822	12318744	732.30	0	3158
scaffold_1569	16804	6286	0.37	0	11
scaffold_1570	16800	776	0.05	0	2
scaffold_1571	16800	2720	0.16	0	11
scaffold_1572	16795	4727210	281.47	0	6659
scaffold_1573	16786	354793	21.14	0	145
scaffold_1574	16778	1620299	96.57	0	1851
scaffold_1575	16777	4903378	292.27	0	7498
scaffold_1576	16746	644	0.04	0	2
scaffold_1577	16731	22199	1.33	0	29
scaffold_1578	16704	3671104	219.77	0	3424
scaffold_1579	16683	2808	0.17	0	8
scaffold_1580	16669	583176	34.99	0	837
scaffold_1581	16665	1708314	102.51	0	1829
scaffold_1582	16641	3403305	204.51	0	1745
scaffold_1583	16640	369731	22.22	0	358
scaffold_1584	16631	11713707	704.33	0	3122
scaffold_1585	16615	2236600	134.61	0	872
scaffold_1586	16614	414	0.02	0	6
scaffold_1587	16609	600	0.04	0	4
scaffold_1588	16597	1153641	69.51	0	736
scaffold_1589	16589	11427	0.69	0	29
scaffold_1590	16583	346753	20.91	0	401
scaffold_1591	16553	2355331	142.29	0	2990
scaffold_1592	16534	1204	0.07	0	14
scaffold_1593	16532	5740	0.35	0	11
scaffold_1594	16520	2888120	174.83	0	1599
scaffold_1595	16505	1904	0.12	0	22
scaffold_1596	16501	3420	0.21	0	9
scaffold_1597	16485	1451	0.09	0	10
scaffold_1598	16480	1454	0.09	0	14
scaffold_1599	16475	2683	0.16	0	26
scaffold_1600	16462	805977	48.96	0	1310
scaffold_1601	16426	10542	0.64	0	46
scaffold_1602	16425	133229	8.11	0	566
scaffold_1603	16418	185632	11.31	0	295
scaffold_1604	16417	597	0.04	0	2
scaffold_1605	16402	16587	1.01	0	22
scaffold_1606	16372	1319637	80.60	0	759
scaffold_1607	16362	96079	5.87	0	162
scaffold_1608	16331	300781	18.42	0	199
scaffold_1609	16320	297721	18.24	0	509
scaffold_1610	16310	13244	0.81	0	272
scaffold_1611	16298	688	0.04	0	1
scaffold_1612	16291	2995	0.18	0	7
scaffold_1613	16269	128458	7.90	0	525
scaffold_1614	16260	282239	17.36	0	196
scaffold_1615	16236	225760	13.90	0	994
scaffold_1616	16226	35148	2.17	0	20
scaffold_1617	16222	1913686	117.97	0	3163
scaffold_1618	16189	2946840	182.03	0	3789
scaffold_1619	16189	276800	17.10	0	722
scaffold_1620	16154	108681	6.73	0	235
scaffold_1621	16153	9082	0.56	0	43
scaffold_1622	16143	84294	5.22	0	75
scaffold_1623	16110	5952	0.37	0	13
scaffold_1624	16108	56952	3.54	0	51
scaffold_1625	16104	1803927	112.02	0	1674
scaffold_1626	16099	1929	0.12	0	3
scaffold_1627	16093	137098	8.52	0	317
scaffold_1628	16085	3702	0.23	0	6
scaffold_1629	16080	546	0.03	0	1
scaffold_1630	16058	9776	0.61	0	18
scaffold_1631	16057	184386	11.48	0	1332
scaffold_1632	16052	5689	0.35	0	20
scaffold_1633	16045	64427	4.02	0	84
scaffold_1634	16042	1100925	68.63	0	634
scaffold_1635	16040	932413	58.13	0	615
scaffold_1636	16033	2887	0.18	0	14
scaffold_1637	16017	3546	0.22	0	16
scaffold_1638	16011	210	0.01	0	2
scaffold_1639	16008	578	0.04	0	2
scaffold_1640	16002	1994	0.12	0	25
scaffold_1641	15994	3140	0.20	0	6
scaffold_1642	15952	890	0.06	0	6
scaffold_1643	15946	2454	0.15	0	3
scaffold_1644	15941	1996	0.13	0	6
scaffold_1645	15926	84594	5.31	0	468
scaffold_1646	15917	1902	0.12	0	3
scaffold_1647	15915	1542407	96.92	0	659
scaffold_1648	15899	7495	0.47	0	25
scaffold_1649	15899	1247	0.08	0	10
scaffold_1650	15895	6457	0.41	0	27
scaffold_1651	15884	15955	1.00	0	32
scaffold_1652	15866	531	0.03	0	3
scaffold_1653	15860	1255561	79.17	0	761
scaffold_1654	15841	766	0.05	0	3
scaffold_1655	15841	182136	11.50	0	169
scaffold_1656	15838	1338	0.08	0	8
scaffold_1657	15799	445708	28.21	0	526
scaffold_1658	15795	4155	0.26	0	14
scaffold_1659	15785	1671	0.11	0	10
scaffold_1660	15767	103889	6.59	0	137
scaffold_1661	15755	354869	22.52	0	405
scaffold_1662	15742	23162	1.47	0	44
scaffold_1663	15738	32882	2.09	0	114
scaffold_1664	15736	67923	4.32	0	105
scaffold_1665	15735	1825	0.12	0	5
scaffold_1666	15732	199	0.01	0	1
scaffold_1667	15714	20367	1.30	0	26
scaffold_1668	15683	874	0.06	0	20
scaffold_1669	15670	8612	0.55	0	13
scaffold_1670	15669	926194	59.11	0	1135
scaffold_1671	15664	2995	0.19	0	16
scaffold_1672	15660	595	0.04	0	4
scaffold_1673	15654	65393	4.18	0	114
scaffold_1674	15640	1583	0.10	0	6
scaffold_1675	15637	21504	1.38	0	34
scaffold_1676	15620	1646079	105.38	0	1534
scaffold_1677	15616	82124	5.26	0	134
scaffold_1678	15587	8334	0.53	0	10
scaffold_1679	15579	16452145	1056.05	0	16880
scaffold_1680	15555	8122	0.52	0	10
scaffold_1681	15551	2125	0.14	0	16
scaffold_1684	15526	694	0.04	0	6
scaffold_1686	15516	219191	14.13	0	318
scaffold_1687	15474	425840	27.52	0	386
scaffold_1688	15438	1674	0.11	0	11
scaffold_1689	15434	7883	0.51	0	8
scaffold_1690	15432	1097	0.07	0	4
scaffold_1691	15426	338	0.02	0	2
scaffold_1692	15426	1471	0.10	0	8
scaffold_1693	15407	1129935	73.34	0	590
scaffold_1694	15402	226	0.01	0	1
scaffold_1695	15401	1301351	84.50	0	642
scaffold_1696	15389	4350343	282.69	0	3425
scaffold_1697	15388	35508	2.31	0	821
scaffold_1698	15380	5076	0.33	0	13
scaffold_1699	15340	40884	2.67	0	56
scaffold_1700	15339	1946	0.13	0	7
scaffold_1701	15335	511	0.03	0	4
scaffold_1702	15332	666	0.04	0	6
scaffold_1703	15317	746155	48.71	0	711
scaffold_1704	15289	94104	6.16	0	133
scaffold_1705	15279	946478	61.95	0	1577
scaffold_1706	15267	522	0.03	0	2
scaffold_1707	15265	8805	0.58	0	14
scaffold_1708	15262	374	0.02	0	2
scaffold_1709	15258	345	0.02	0	2
scaffold_1710	15244	5369	0.35	0	32
scaffold_1711	15244	3673725	240.99	0	3368
scaffold_1712	15238	72194	4.74	0	59
scaffold_1713	15237	300	0.02	0	2
scaffold_1714	15207	11535	0.76	0	49
scaffold_1715	15203	1419882	93.39	0	2780
scaffold_1717	15170	2329608	153.57	0	2041
scaffold_1718	15170	296601	19.55	0	154
scaffold_1719	15166	720770	47.53	0	376
scaffold_1720	15143	1282	0.08	0	28
scaffold_1721	15142	31050	2.05	0	53
scaffold_1722	15134	754969	49.89	0	331
scaffold_1723	15131	289590	19.14	0	276
scaffold_1724	15129	90689	5.99	0	104
scaffold_1725	15111	62546	4.14	0	97
scaffold_1726	15067	63975	4.25	0	181
scaffold_1727	15062	637197	42.30	0	359
scaffold_1728	15035	7865	0.52	0	18
scaffold_1729	15015	588	0.04	0	4
scaffold_1730	15015	430143	28.65	0	562
scaffold_1731	15009	232397	15.48	0	535
scaffold_1732	14997	13274	0.89	0	13
scaffold_1733	14995	1080	0.07	0	4
scaffold_1734	14992	437899	29.21	0	318
scaffold_1735	14984	123078	8.21	0	292
scaffold_1736	14981	676	0.05	0	3
scaffold_1737	14952	15697	1.05	0	47
scaffold_1738	14945	39	0.00	0	1
scaffold_1739	14934	39	0.00	0	1
scaffold_1740	14930	283	0.02	0	10
scaffold_1741	14921	5011	0.34	0	46
scaffold_1742	14920	100656	6.75	0	157
scaffold_1743	14918	10012	0.67	0	68
scaffold_1744	14917	40317	2.70	0	34
scaffold_1745	14909	1562749	104.82	0	3012
scaffold_1746	14906	55318	3.71	0	105
scaffold_1747	14895	78338	5.26	0	73
scaffold_1748	14888	10319	0.69	0	25
scaffold_1749	14887	900	0.06	0	3
scaffold_1750	14869	1341883	90.25	0	439
scaffold_1751	14864	2194	0.15	0	6
scaffold_1752	14836	31955	2.15	0	90
scaffold_1753	14834	7272	0.49	0	19
scaffold_1754	14830	2682455	180.88	0	3289
scaffold_1755	14825	835083	56.33	0	870
scaffold_1756	14823	4018	0.27	0	7
scaffold_1757	14811	16657	1.12	0	17
scaffold_1758	14784	279307	18.89	0	73
scaffold_1759	14759	6374	0.43	0	20
scaffold_1760	14742	3757	0.25	0	14
scaffold_1761	14728	5675	0.39	0	11
scaffold_1762	14726	113520	7.71	0	117
scaffold_1763	14713	5087	0.35	0	22
scaffold_1764	14691	2020	0.14	0	2
scaffold_1765	14678	28438	1.94	0	61
scaffold_1766	14673	2149	0.15	0	3
scaffold_1767	14669	2736053	186.52	0	4546
scaffold_1768	14664	66752	4.55	0	52
scaffold_1769	14657	642678	43.85	0	373
scaffold_1770	14647	17067943	1165.29	0	6978
scaffold_1771	14640	2612715	178.46	0	4942
scaffold_1772	14634	273715	18.70	0	460
scaffold_1773	14618	124250	8.50	0	134
scaffold_1774	14612	184	0.01	0	4
scaffold_1775	14610	147586	10.10	0	151
scaffold_1776	14594	84699	5.80	0	113
scaffold_1777	14569	6290	0.43	0	38
scaffold_1778	14545	177281	12.19	0	323
scaffold_1779	14544	150	0.01	0	1
scaffold_1780	14541	235626	16.20	0	496
scaffold_1781	14534	108601	7.47	0	166
scaffold_1782	14512	15370	1.06	0	74
scaffold_1783	14501	351	0.02	0	2
scaffold_1784	14501	1982766	136.73	0	1201
scaffold_1785	14473	104	0.01	0	2
scaffold_1786	14461	5604	0.39	0	18
scaffold_1787	14459	4213	0.29	0	26
scaffold_1788	14444	840874	58.22	0	595
scaffold_1789	14443	2666	0.18	0	5
scaffold_1790	14437	234647	16.25	0	125
scaffold_1791	14433	9555	0.66	0	20
scaffold_1792	14424	708956	49.15	0	757
scaffold_1793	14422	339342	23.53	0	240
scaffold_1794	14419	1729	0.12	0	4
scaffold_1795	14418	84110	5.83	0	426
scaffold_1796	14414	127868	8.87	0	170
scaffold_1798	14397	1032672	71.73	0	1681
scaffold_1799	14374	67211	4.68	0	96
scaffold_1800	14362	2902	0.20	0	6
scaffold_1802	14339	3411	0.24	0	5
scaffold_1803	14329	1366735	95.38	0	1845
scaffold_1804	14320	44211	3.09	0	47
scaffold_1805	14311	13627	0.95	0	33
scaffold_1806	14303	323324	22.61	0	642
scaffold_1807	14300	22871	1.60	0	40
scaffold_1808	14286	109542	7.67	0	127
scaffold_1809	14279	52353	3.67	0	66
scaffold_1810	14272	2802	0.20	0	11
scaffold_1811	14263	16090	1.13	0	85
scaffold_1812	14262	37392	2.62	0	82
scaffold_1813	14237	4186	0.29	0	13
scaffold_1814	14233	923312	64.87	0	545
scaffold_1815	14219	10100421	710.35	0	3139
scaffold_1816	14216	28039	1.97	0	43
scaffold_1817	14216	2136	0.15	0	6
scaffold_1818	14214	999	0.07	0	4
scaffold_1819	14212	513177	36.11	0	755
scaffold_1820	14211	150	0.01	0	1
scaffold_1821	14204	1334	0.09	0	16
scaffold_1822	14200	1201	0.08	0	15
scaffold_1823	14166	2959746	208.93	0	2137
scaffold_1824	14155	213478	15.08	0	339
scaffold_1825	14144	1263567	89.34	0	863
scaffold_1826	14120	831	0.06	0	4
scaffold_1827	14097	7084	0.50	0	18
scaffold_1828	14068	3833227	272.48	0	2113
scaffold_1829	14051	6965	0.50	0	26
scaffold_1830	14036	123917	8.83	0	149
scaffold_1831	13995	2455	0.18	0	8
scaffold_1832	13974	3736	0.27	0	9
scaffold_1833	13967	2672	0.19	0	12
scaffold_1834	13937	7582	0.54	0	40
scaffold_1835	13931	2721	0.20	0	14
scaffold_1837	13919	2499	0.18	0	5
scaffold_1838	13918	882178	63.38	0	393
scaffold_1839	13910	475527	34.19	0	504
scaffold_1840	13909	2070	0.15	0	10
scaffold_1841	13883	75279	5.42	0	154
scaffold_1843	13842	1357	0.10	0	4
scaffold_1844	13838	354123	25.59	0	356
scaffold_1845	13819	955059	69.11	0	844
scaffold_1846	13813	2416778	174.96	0	2100
scaffold_1847	13809	1533265	111.03	0	1240
scaffold_1848	13800	292208	21.17	0	330
scaffold_1849	13799	31947	2.32	0	50
scaffold_1850	13784	649	0.05	0	2
scaffold_1851	13760	2662	0.19	0	16
scaffold_1852	13750	1202612	87.46	0	1557
scaffold_1853	13745	1121078	81.56	0	853
scaffold_1854	13743	1554336	113.10	0	913
scaffold_1855	13719	151138	11.02	0	299
scaffold_1856	13715	644	0.05	0	4
scaffold_1857	13714	1912	0.14	0	16
scaffold_1858	13700	4137319	301.99	0	8798
scaffold_1859	13692	12940332	945.10	0	25718
scaffold_1860	13689	1035210	75.62	0	1580
scaffold_1861	13681	815100	59.58	0	5512
scaffold_1862	13680	65719	4.80	0	101
scaffold_1863	13680	10383	0.76	0	19
scaffold_1864	13679	6181	0.45	0	49
scaffold_1865	13674	127119	9.30	0	983
scaffold_1866	13669	77763	5.69	0	214
scaffold_1867	13653	45	0.00	0	1
scaffold_1868	13653	1994	0.15	0	50
scaffold_1869	13637	3787	0.28	0	14
scaffold_1870	13617	79698	5.85	0	563
scaffold_1871	13613	3295	0.24	0	11
scaffold_1872	13601	1597	0.12	0	52
scaffold_1873	13599	652	0.05	0	2
scaffold_1874	13598	1476	0.11	0	8
scaffold_1875	13598	36429	2.68	0	33
scaffold_1876	13591	30270	2.23	0	75
scaffold_1877	13586	6114	0.45	0	248
scaffold_1878	13575	171931	12.67	0	170
scaffold_1879	13568	1643708	121.15	0	1323
scaffold_1880	13562	16105	1.19	0	76
scaffold_1881	13560	347369	25.62	0	179
scaffold_1882	13556	94399	6.96	0	371
scaffold_1883	13548	5007	0.37	0	15
scaffold_1884	13548	32951	2.43	0	126
scaffold_1885	13546	519442	38.35	0	202
scaffold_1886	13542	9236	0.68	0	18
scaffold_1887	13536	440675	32.56	0	517
scaffold_1888	13527	1172409	86.67	0	964
scaffold_1889	13511	129	0.01	0	1
scaffold_1890	13510	1391059	102.97	0	1019
scaffold_1891	13507	570	0.04	0	2
scaffold_1892	13496	1862	0.14	0	4
scaffold_1893	13493	2425	0.18	0	8
scaffold_1894	13481	498692	36.99	0	263
scaffold_1895	13472	2229	0.17	0	6
scaffold_1896	13465	150	0.01	0	1
scaffold_1897	13444	276791	20.59	0	278
scaffold_1898	13425	66876	4.98	0	89
scaffold_1899	13415	874	0.07	0	12
scaffold_1900	13406	6019435	449.01	0	4495
scaffold_1901	13398	438194	32.71	0	387
scaffold_1902	13393	9985	0.75	0	9
scaffold_1903	13357	273543	20.48	0	386
scaffold_1904	13351	2111	0.16	0	8
scaffold_1905	13331	1394	0.10	0	9
scaffold_1906	13325	436028	32.72	0	682
scaffold_1907	13320	17854	1.34	0	33
scaffold_1908	13318	2201	0.17	0	6
scaffold_1909	13279	225098	16.95	0	68
scaffold_1910	13268	2755	0.21	0	10
scaffold_1911	13257	185082	13.96	0	74
scaffold_1912	13252	106886	8.07	0	116
scaffold_1913	13248	235316	17.76	0	159
scaffold_1914	13244	14455	1.09	0	46
scaffold_1915	13229	370	0.03	0	2
scaffold_1916	13189	118	0.01	0	1
scaffold_1917	13188	166140	12.60	0	133
scaffold_1918	13175	19867	1.51	0	49
scaffold_1919	13162	78	0.01	0	2
scaffold_1920	13159	9239421	702.14	0	3914
scaffold_1921	13119	191	0.01	0	1
scaffold_1922	13092	705177	53.86	0	447
scaffold_1923	13073	490008	37.48	0	2724
scaffold_1924	13070	20093	1.54	0	26
scaffold_1925	13061	5130485	392.81	0	5841
scaffold_1926	13053	268	0.02	0	2
scaffold_1927	13014	9470	0.73	0	44
scaffold_1928	13010	18667	1.43	0	23
scaffold_1929	13010	1631	0.13	0	11
scaffold_1930	13000	2133	0.16	0	4
scaffold_1931	12994	6632952	510.46	0	3938
scaffold_1932	12988	4961	0.38	0	12
scaffold_1933	12983	54492	4.20	0	106
scaffold_1934	12976	6620	0.51	0	17
scaffold_1935	12962	1200	0.09	0	8
scaffold_1936	12962	410350	31.66	0	493
scaffold_1937	12962	1933	0.15	0	8
scaffold_1938	12961	1461359	112.75	0	507
scaffold_1939	12960	4734815	365.34	0	5556
scaffold_1941	12931	24132	1.87	0	126
scaffold_1942	12925	76	0.01	0	4
scaffold_1943	12908	13135	1.02	0	19
scaffold_1944	12903	1011	0.08	0	4
scaffold_1945	12903	20717	1.61	0	44
scaffold_1946	12899	36619	2.84	0	35
scaffold_1947	12884	25164	1.95	0	79
scaffold_1948	12882	138923	10.78	0	59
scaffold_1949	12879	5991	0.47	0	9
scaffold_1950	12870	2686	0.21	0	8
scaffold_1951	12850	1458463	113.50	0	983
scaffold_1952	12845	4774	0.37	0	11
scaffold_1953	12820	104	0.01	0	2
scaffold_1954	12820	9135410	712.59	0	3107
scaffold_1955	12818	499057	38.93	0	793
scaffold_1956	12810	1343	0.10	0	3
scaffold_1957	12802	764	0.06	0	2
scaffold_1958	12801	3018	0.24	0	18
scaffold_1959	12798	2935	0.23	0	8
scaffold_1960	12768	277	0.02	0	2
scaffold_1961	12757	2691185	210.96	0	5124
scaffold_1963	12727	33	0.00	0	1
scaffold_1964	12706	4196	0.33	0	9
scaffold_1965	12702	1984	0.16	0	8
scaffold_1966	12700	2856	0.22	0	17
scaffold_1967	12685	718179	56.62	0	833
scaffold_1968	12683	4261	0.34	0	9
scaffold_1969	12682	102223	8.06	0	157
scaffold_1970	12676	21088	1.66	0	93
scaffold_1971	12649	20938	1.66	0	30
scaffold_1972	12643	4406	0.35	0	21
scaffold_1973	12634	837553	66.29	0	802
scaffold_1974	12633	579	0.05	0	5
scaffold_1975	12631	48472	3.84	0	43
scaffold_1976	12630	6041	0.48	0	10
scaffold_1977	12615	44	0.00	0	1
scaffold_1978	12611	300	0.02	0	2
scaffold_1979	12584	824380	65.51	0	1056
scaffold_1980	12575	1513539	120.36	0	761
scaffold_1981	12568	593	0.05	0	2
scaffold_1982	12552	1324425	105.52	0	1205
scaffold_1983	12544	339	0.03	0	2
scaffold_1984	12529	1502131	119.89	0	2286
scaffold_1985	12528	921	0.07	0	10
scaffold_1986	12520	28834	2.30	0	93
scaffold_1988	12512	600	0.05	0	2
scaffold_1989	12510	7794	0.62	0	34
scaffold_1990	12507	3327	0.27	0	5
scaffold_1991	12501	297057	23.76	0	634
scaffold_1992	12496	545552	43.66	0	193
scaffold_1993	12493	661837	52.98	0	511
scaffold_1994	12492	1333137	106.72	0	1842
scaffold_1995	12482	98653	7.90	0	65
scaffold_1996	12473	7465	0.60	0	29
scaffold_1997	12470	8977744	719.95	0	16480
scaffold_1998	12453	5588	0.45	0	11
scaffold_1999	12450	624302	50.14	0	547
scaffold_2000	12443	3774	0.30	0	30
scaffold_2001	12436	193583	15.57	0	92
scaffold_2002	12416	833453	67.13	0	465
scaffold_2003	12402	345	0.03	0	3
scaffold_2004	12366	176649	14.29	0	69
scaffold_2005	12355	3353	0.27	0	11
scaffold_2006	12348	32533	2.63	0	95
scaffold_2007	12342	288	0.02	0	2
scaffold_2008	12330	711646	57.72	0	321
scaffold_2009	12325	1278332	103.72	0	1206
scaffold_2010	12321	1384649	112.38	0	1074
scaffold_2011	12311	2394	0.19	0	11
scaffold_2012	12309	15721	1.28	0	42
scaffold_2013	12302	5311	0.43	0	10
scaffold_2014	12280	882581	71.87	0	714
scaffold_2015	12277	151203	12.32	0	51
scaffold_2016	12276	3916	0.32	0	12
scaffold_2017	12274	217476	17.72	0	148
scaffold_2018	12256	376383	30.71	0	304
scaffold_2019	12255	3867247	315.56	0	3549
scaffold_2020	12239	872	0.07	0	4
scaffold_2021	12230	612370	50.07	0	341
scaffold_2022	12221	3276299	268.09	0	17819
scaffold_2023	12219	5935	0.49	0	48
scaffold_2024	12218	144577	11.83	0	58
scaffold_2025	12178	1457	0.12	0	5
scaffold_2026	12176	153469	12.60	0	135
scaffold_2027	12169	10824	0.89	0	16
scaffold_2028	12144	3933316	323.89	0	4471
scaffold_2029	12107	1008	0.08	0	3
scaffold_2031	12099	2203913	182.16	0	1597
scaffold_2032	12093	9121	0.75	0	23
scaffold_2033	12090	431478	35.69	0	692
scaffold_2034	12081	1702	0.14	0	22
scaffold_2035	12050	3568	0.30	0	26
scaffold_2037	12005	3590	0.30	0	8
scaffold_2038	12005	7334	0.61	0	8
scaffold_2039	11994	7871	0.66	0	17
scaffold_2040	11972	12118	1.01	0	69
scaffold_2041	11962	6140	0.51	0	16
scaffold_2042	11960	2016758	168.63	0	948
scaffold_2043	11959	1145452	95.78	0	928
scaffold_2044	11954	687	0.06	0	3
scaffold_2045	11950	1303935	109.12	0	745
scaffold_2046	11931	623	0.05	0	2
scaffold_2047	11923	160	0.01	0	4
scaffold_2048	11909	2688	0.23	0	10
scaffold_2049	11897	2720	0.23	0	11
scaffold_2050	11890	1985	0.17	0	7
scaffold_2051	11880	3063371	257.86	0	912
scaffold_2052	11868	6743	0.57	0	9
scaffold_2053	11844	691	0.06	0	10
scaffold_2054	11839	3177	0.27	0	13
scaffold_2055	11835	8671	0.73	0	23
scaffold_2056	11830	11273	0.95	0	7
scaffold_2057	11824	13322	1.13	0	14
scaffold_2058	11818	1545	0.13	0	4
scaffold_2059	11804	2147519	181.93	0	2022
scaffold_2060	11802	1973536	167.22	0	1579
scaffold_2061	11795	6479	0.55	0	19
scaffold_2062	11791	223940	18.99	0	159
scaffold_2063	11785	145	0.01	0	1
scaffold_2065	11749	1184	0.10	0	6
scaffold_2066	11746	247746	21.09	0	335
scaffold_2067	11730	15557	1.33	0	18
scaffold_2068	11724	13673	1.17	0	42
scaffold_2069	11704	382	0.03	0	1
scaffold_2070	11692	11597	0.99	0	26
scaffold_2071	11677	3439038	294.51	0	5874
scaffold_2072	11674	782551	67.03	0	1405
scaffold_2073	11644	1065	0.09	0	3
scaffold_2074	11639	619	0.05	0	3
scaffold_2075	11635	38	0.00	0	2
scaffold_2076	11627	1014	0.09	0	22
scaffold_2077	11606	1926	0.17	0	11
scaffold_2078	11602	12335	1.06	0	15
scaffold_2079	11602	5518	0.48	0	24
scaffold_2080	11599	749750	64.64	0	632
scaffold_2081	11567	5177	0.45	0	33
scaffold_2082	11562	2550	0.22	0	5
scaffold_2083	11561	51	0.00	0	1
scaffold_2084	11537	2924228	253.47	0	7659
scaffold_2086	11535	936	0.08	0	20
scaffold_2087	11529	507	0.04	0	3
scaffold_2088	11503	1238	0.11	0	5
scaffold_2089	11490	203	0.02	0	1
scaffold_2090	11476	5355	0.47	0	20
scaffold_2092	11472	1759	0.15	0	12
scaffold_2093	11469	3552	0.31	0	10
scaffold_2094	11449	124319	10.86	0	372
scaffold_2095	11448	7288	0.64	0	16
scaffold_2096	11433	150	0.01	0	1
scaffold_2098	11379	12285	1.08	0	75
scaffold_2099	11369	794677	69.90	0	292
scaffold_2100	11368	860877	75.73	0	3622
scaffold_2101	11360	4406	0.39	0	16
scaffold_2102	11352	1962	0.17	0	6
scaffold_2103	11341	230	0.02	0	2
scaffold_2104	11336	1534	0.14	0	8
scaffold_2105	11316	20350	1.80	0	89
scaffold_2106	11309	6490048	573.88	0	3867
scaffold_2107	11309	9889	0.87	0	24
scaffold_2108	11304	4152	0.37	0	7
scaffold_2109	11298	4508	0.40	0	15
scaffold_2110	11295	1726	0.15	0	7
scaffold_2111	11287	30809	2.73	0	31
scaffold_2112	11281	2211	0.20	0	16
scaffold_2113	11259	5306	0.47	0	24
scaffold_2114	11257	8313	0.74	0	13
scaffold_2115	11257	1643	0.15	0	6
scaffold_2116	11247	896	0.08	0	4
scaffold_2117	11241	300	0.03	0	2
scaffold_2118	11241	300	0.03	0	2
scaffold_2119	11235	649	0.06	0	2
scaffold_2120	11229	1134	0.10	0	6
scaffold_2121	11224	833	0.07	0	2
scaffold_2122	11220	3248	0.29	0	156
scaffold_2123	11198	112914	10.08	0	80
scaffold_2124	11181	137	0.01	0	1
scaffold_2125	11176	269723	24.13	0	235
scaffold_2126	11161	9073	0.81	0	34
scaffold_2127	11159	282	0.03	0	2
scaffold_2128	11145	7916592	710.33	0	3071
scaffold_2129	11137	19415	1.74	0	52
scaffold_2130	11136	7361	0.66	0	16
scaffold_2131	11136	4751	0.43	0	15
scaffold_2132	11127	14666	1.32	0	21
scaffold_2133	11121	12765	1.15	0	20
scaffold_2134	11121	680	0.06	0	5
scaffold_2135	11110	3969	0.36	0	26
scaffold_2136	11105	9122	0.82	0	136
scaffold_2137	11098	4258	0.38	0	17
scaffold_2138	11091	550499	49.63	0	490
scaffold_2139	11085	282	0.03	0	2
scaffold_2140	11076	18449	1.67	0	45
scaffold_2141	11074	88290	7.97	0	66
scaffold_2142	11071	825	0.07	0	4
scaffold_2143	11044	17916	1.62	0	36
scaffold_2144	11011	23169	2.10	0	59
scaffold_2145	11001	4886	0.44	0	11
scaffold_2146	10962	118135	10.78	0	58
scaffold_2147	10956	10138019	925.34	0	11698
scaffold_2148	10945	300	0.03	0	1
scaffold_2149	10945	1200	0.11	0	4
scaffold_2150	10924	106	0.01	0	1
scaffold_2151	10915	1159368	106.22	0	708
scaffold_2153	10897	95939	8.80	0	113
scaffold_2155	10883	192	0.02	0	1
scaffold_2157	10855	8782	0.81	0	22
scaffold_2158	10847	1819	0.17	0	8
scaffold_2159	10846	6524096	601.52	0	4680
scaffold_2160	10844	1723	0.16	0	6
scaffold_2161	10835	300	0.03	0	1
scaffold_2162	10815	594	0.05	0	2
scaffold_2163	10810	6009	0.56	0	14
scaffold_2165	10808	1766	0.16	0	3
scaffold_2166	10803	7245	0.67	0	31
scaffold_2167	10801	2024	0.19	0	6
scaffold_2169	10790	294	0.03	0	14
scaffold_2170	10782	2813	0.26	0	13
scaffold_2171	10778	20699	1.92	0	57
scaffold_2172	10770	249	0.02	0	2
scaffold_2173	10764	9873	0.92	0	6
scaffold_2174	10761	1069075	99.35	0	466
scaffold_2175	10756	171228	15.92	0	333
scaffold_2176	10744	3517	0.33	0	36
scaffold_2177	10724	19034	1.77	0	20
scaffold_2178	10723	119	0.01	0	1
scaffold_2179	10716	76	0.01	0	4
scaffold_2180	10698	736	0.07	0	8
scaffold_2181	10671	447	0.04	0	3
scaffold_2182	10670	11310	1.06	0	45
scaffold_2183	10666	2861	0.27	0	7
scaffold_2184	10663	5832	0.55	0	14
scaffold_2185	10660	571921	53.65	0	785
scaffold_2186	10659	1380	0.13	0	5
scaffold_2188	10635	5412	0.51	0	27
scaffold_2189	10627	3298	0.31	0	26
scaffold_2190	10623	3513	0.33	0	9
scaffold_2191	10612	1729	0.16	0	8
scaffold_2192	10606	658	0.06	0	4
scaffold_2193	10604	338625	31.93	0	310
scaffold_2194	10598	5003	0.47	0	6
scaffold_2195	10589	1738	0.16	0	4
scaffold_2196	10581	575	0.05	0	2
scaffold_2197	10558	1128	0.11	0	5
scaffold_2198	10550	5849	0.55	0	14
scaffold_2199	10532	822	0.08	0	2
scaffold_2200	10528	3300	0.31	0	11
scaffold_2201	10508	179	0.02	0	2
scaffold_2203	10499	1144	0.11	0	4
scaffold_2204	10497	18635	1.78	0	127
scaffold_2205	10494	1212	0.12	0	3
scaffold_2206	10493	472	0.04	0	1
scaffold_2209	10486	121	0.01	0	1
scaffold_2210	10483	4037	0.39	0	13
scaffold_2211	10481	76	0.01	0	1
scaffold_2212	10480	101	0.01	0	1
scaffold_2213	10475	540	0.05	0	4
scaffold_2214	10473	19300	1.84	0	56
scaffold_2215	10466	823570	78.69	0	896
scaffold_2216	10456	1638	0.16	0	12
scaffold_2217	10454	1208	0.12	0	7
scaffold_2218	10443	741	0.07	0	4
scaffold_2219	10439	300	0.03	0	1
scaffold_2220	10438	2633	0.25	0	48
scaffold_2221	10431	145	0.01	0	2
scaffold_2222	10417	612	0.06	0	2
scaffold_2223	10404	15915	1.53	0	35
scaffold_2224	10399	2241	0.22	0	4
scaffold_2225	10399	1529	0.15	0	40
scaffold_2226	10386	2797	0.27	0	8
scaffold_2227	10383	1065	0.10	0	4
scaffold_2228	10345	6420293	620.62	0	10799
scaffold_2229	10329	25603	2.48	0	58
scaffold_2230	10315	116	0.01	0	1
scaffold_2231	10301	2705	0.26	0	8
scaffold_2232	10298	14436	1.40	0	21
scaffold_2233	10296	64487	6.26	0	56
scaffold_2234	10279	1091	0.11	0	7
scaffold_2235	10269	150	0.01	0	1
scaffold_2236	10255	291	0.03	0	1
scaffold_2237	10254	520	0.05	0	2
scaffold_2238	10235	2752	0.27	0	11
scaffold_2239	10222	1092	0.11	0	4
scaffold_2240	10221	2077	0.20	0	8
scaffold_2241	10217	6828	0.67	0	30
scaffold_2243	10190	97	0.01	0	1
scaffold_2244	10189	1038	0.10	0	5
scaffold_2245	10178	3982	0.39	0	25
scaffold_2246	10173	162	0.02	0	2
scaffold_2247	10167	99524	9.79	0	129
scaffold_2248	10163	6396	0.63	0	19
scaffold_2249	10156	196	0.02	0	1
scaffold_2250	10151	4527	0.45	0	9
scaffold_2251	10147	616	0.06	0	2
scaffold_2253	10099	22751	2.25	0	38
scaffold_2254	10096	2695	0.27	0	18
scaffold_2255	10086	895	0.09	0	2
scaffold_2256	10085	300	0.03	0	2
scaffold_2257	10065	6238	0.62	0	30
scaffold_2258	10061	228	0.02	0	2
scaffold_2260	10027	5657	0.56	0	46
scaffold_2262	10020	240274	23.98	0	444
scaffold_2263	10017	517	0.05	0	3
scaffold_2264	9986	9372	0.94	0	8
scaffold_2265	9984	300	0.03	0	2
scaffold_2266	9976	1352	0.14	0	3
scaffold_2267	9976	1299846	130.30	0	2190
scaffold_2268	9966	1444	0.14	0	76
scaffold_2269	9945	600	0.06	0	2
scaffold_2270	9928	733	0.07	0	2
scaffold_2271	9925	223	0.02	0	2
scaffold_2272	9921	865263	87.22	0	561
scaffold_2273	9910	182	0.02	0	2
scaffold_2274	9895	467	0.05	0	3
scaffold_2275	9892	2271	0.23	0	6
scaffold_2276	9870	20968	2.12	0	40
scaffold_2277	9864	826	0.08	0	16
scaffold_2278	9848	3874	0.39	0	14
scaffold_2279	9828	251	0.03	0	1
scaffold_2280	9823	456	0.05	0	2
scaffold_2281	9815	26946	2.75	0	251
scaffold_2283	9796	3000	0.31	0	9
scaffold_2284	9780	40623	4.15	0	56
scaffold_2285	9776	75	0.01	0	1
scaffold_2286	9775	3254	0.33	0	9
scaffold_2287	9773	1240055	126.89	0	1212
scaffold_2288	9770	455891	46.66	0	331
scaffold_2289	9765	1675	0.17	0	9
scaffold_2290	9748	481	0.05	0	2
scaffold_2291	9747	15840	1.63	0	36
scaffold_2292	9746	93	0.01	0	1
scaffold_2293	9730	613	0.06	0	2
scaffold_2294	9693	2484969	256.37	0	5931
scaffold_2295	9692	12973	1.34	0	39
scaffold_2296	9680	11806	1.22	0	28
scaffold_2297	9677	3790	0.39	0	9
scaffold_2298	9656	1233	0.13	0	3
scaffold_2300	9651	2326	0.24	0	6
scaffold_2301	9641	389	0.04	0	2
scaffold_2302	9640	38497	3.99	0	83
scaffold_2303	9637	6210455	644.44	0	5945
scaffold_2304	9634	1838	0.19	0	24
scaffold_2305	9632	577	0.06	0	2
scaffold_2306	9596	3317	0.35	0	21
scaffold_2307	9573	16535	1.73	0	38
scaffold_2308	9572	3602	0.38	0	12
scaffold_2309	9572	160564	16.77	0	183
scaffold_2310	9563	7819	0.82	0	23
scaffold_2311	9549	3356	0.35	0	14
scaffold_2312	9546	709	0.07	0	14
scaffold_2313	9542	2981	0.31	0	11
scaffold_2314	9542	3802	0.40	0	19
scaffold_2315	9541	16437	1.72	0	65
scaffold_2316	9534	21521	2.26	0	50
scaffold_2317	9532	13673	1.43	0	63
scaffold_2318	9516	244	0.03	0	2
scaffold_2320	9500	1611	0.17	0	9
scaffold_2321	9491	600	0.06	0	2
scaffold_2322	9490	1810	0.19	0	4
scaffold_2323	9487	1313	0.14	0	6
scaffold_2324	9479	2770	0.29	0	10
scaffold_2325	9460	406	0.04	0	2
scaffold_2326	9457	2250	0.24	0	8
scaffold_2327	9442	1948	0.21	0	6
scaffold_2328	9432	5468	0.58	0	60
scaffold_2329	9431	1058	0.11	0	11
scaffold_2330	9426	600	0.06	0	4
scaffold_2331	9400	4233	0.45	0	14
scaffold_2332	9399	3466	0.37	0	13
scaffold_2333	9397	1835	0.20	0	4
scaffold_2335	9393	639	0.07	0	2
scaffold_2336	9379	1565	0.17	0	4
scaffold_2337	9345	4551	0.49	0	56
scaffold_2338	9341	203	0.02	0	2
scaffold_2339	9339	485	0.05	0	2
scaffold_2340	9330	26328	2.82	0	240
scaffold_2342	9310	831064	89.27	0	603
scaffold_2343	9295	162	0.02	0	2
scaffold_2344	9265	967	0.10	0	4
scaffold_2346	9260	76	0.01	0	4
scaffold_2347	9260	757	0.08	0	5
scaffold_2348	9257	394	0.04	0	2
scaffold_2349	9253	599	0.06	0	2
scaffold_2350	9251	384	0.04	0	2
scaffold_2351	9249	553	0.06	0	6
scaffold_2352	9241	62131	6.72	0	59
scaffold_2353	9240	3918	0.42	0	10
scaffold_2354	9227	466	0.05	0	2
scaffold_2355	9223	300	0.03	0	2
scaffold_2356	9181	150	0.02	0	1
scaffold_2357	9164	76	0.01	0	4
scaffold_2358	9159	687	0.08	0	4
scaffold_2359	9154	11729	1.28	0	47
scaffold_2360	9152	1351	0.15	0	6
scaffold_2361	9143	1577	0.17	0	9
scaffold_2362	9134	684	0.07	0	4
scaffold_2363	9133	18533	2.03	0	20
scaffold_2364	9120	4704	0.52	0	12
scaffold_2365	9120	132	0.01	0	1
scaffold_2366	9119	358674	39.33	0	359
scaffold_2367	9109	122	0.01	0	1
scaffold_2368	9106	98049	10.77	0	86
scaffold_2369	9104	4093	0.45	0	20
scaffold_2371	9063	88245	9.74	0	131
scaffold_2372	9046	2821	0.31	0	10
scaffold_2373	9037	2215	0.25	0	14
scaffold_2374	9032	1120	0.12	0	2
scaffold_2375	9021	1571245	174.18	0	3625
scaffold_2376	8996	2158	0.24	0	5
scaffold_2377	8986	300	0.03	0	2
scaffold_2378	8977	994	0.11	0	8
scaffold_2379	8952	102	0.01	0	1
scaffold_2380	8947	494091	55.22	0	1007
scaffold_2381	8942	1481	0.17	0	5
scaffold_2382	8935	300	0.03	0	2
scaffold_2383	8921	1345	0.15	0	3
scaffold_2384	8915	1804457	202.41	0	2016
scaffold_2385	8910	358	0.04	0	2
scaffold_2386	8909	202	0.02	0	1
scaffold_2387	8908	8974852	1007.50	0	18034
scaffold_2388	8898	577	0.06	0	2
scaffold_2389	8866	101	0.01	0	1
scaffold_2390	8851	456	0.05	0	20
scaffold_2391	8839	1364	0.15	0	8
scaffold_2392	8838	8329	0.94	0	6
scaffold_2393	8820	1107	0.13	0	8
scaffold_2394	8803	275	0.03	0	3
scaffold_2395	8803	1196	0.14	0	5
scaffold_2396	8790	4347	0.49	0	14
scaffold_2397	8789	1598	0.18	0	5
scaffold_2398	8783	246	0.03	0	2
scaffold_2399	8759	3333	0.38	0	16
scaffold_2400	8758	6798	0.78	0	22
scaffold_2401	8728	62	0.01	0	1
scaffold_2402	8725	783	0.09	0	4
scaffold_2403	8713	16468	1.89	0	25
scaffold_2404	8710	5373	0.62	0	16
scaffold_2405	8691	283	0.03	0	2
scaffold_2406	8688	268069	30.86	0	168
scaffold_2409	8644	442	0.05	0	2
scaffold_2410	8629	1327894	153.89	0	3390
scaffold_2411	8623	871398	101.06	0	2050
scaffold_2412	8604	493	0.06	0	3
scaffold_2413	8596	18129	2.11	0	36
scaffold_2414	8587	1121	0.13	0	2
scaffold_2415	8586	2550	0.30	0	3
scaffold_2416	8585	4838	0.56	0	11
scaffold_2418	8567	600	0.07	0	2
scaffold_2419	8560	564	0.07	0	3
scaffold_2420	8560	9176	1.07	0	29
scaffold_2421	8553	2766	0.32	0	8
scaffold_2422	8545	7218	0.84	0	19
scaffold_2423	8542	111	0.01	0	1
scaffold_2424	8535	2343	0.27	0	8
scaffold_2426	8497	318	0.04	0	3
scaffold_2428	8471	2891	0.34	0	11
scaffold_2429	8460	88	0.01	0	1
scaffold_2431	8391	3546	0.42	0	17
scaffold_2432	8378	722751	86.27	0	628
scaffold_2433	8374	22156	2.65	0	38
scaffold_2435	8326	1124	0.13	0	7
scaffold_2436	8304	2276	0.27	0	7
scaffold_2437	8301	19599	2.36	0	45
scaffold_2439	8265	2124	0.26	0	7
scaffold_2440	8256	100	0.01	0	1
scaffold_2441	8248	1914	0.23	0	13
scaffold_2442	8239	2454	0.30	0	18
scaffold_2443	8225	3092	0.38	0	7
scaffold_2445	8188	1754	0.21	0	7
scaffold_2446	8187	118152	14.43	0	58
scaffold_2447	8180	1586	0.19	0	3
scaffold_2448	8178	814	0.10	0	8
scaffold_2449	8176	4593	0.56	0	23
scaffold_2450	8172	300	0.04	0	2
scaffold_2451	8172	110	0.01	0	2
scaffold_2452	8163	10139	1.24	0	19
scaffold_2453	8160	4233	0.52	0	15
scaffold_2454	8159	3619	0.44	0	16
scaffold_2455	8156	655	0.08	0	4
scaffold_2456	8155	4715	0.58	0	15
scaffold_2458	8127	194383	23.92	0	160
scaffold_2459	8112	459	0.06	0	2
scaffold_2460	8107	1555359	191.85	0	935
scaffold_2465	8061	552	0.07	0	2
scaffold_2466	8060	551	0.07	0	3
scaffold_2467	8059	250052	31.03	0	198
scaffold_2468	8058	450	0.06	0	2
scaffold_2469	8053	346	0.04	0	2
scaffold_2470	8051	282	0.04	0	2
scaffold_2471	8047	300	0.04	0	2
scaffold_2472	8029	25811	3.21	0	227
scaffold_2473	8029	1283	0.16	0	2
scaffold_2474	8011	6091	0.76	0	13
scaffold_2476	8007	1359	0.17	0	4
scaffold_2478	8000	462	0.06	0	2
scaffold_2479	7996	152	0.02	0	8
scaffold_2480	7984	150	0.02	0	1
scaffold_2482	7983	1001	0.13	0	7
scaffold_2483	7983	140	0.02	0	1
scaffold_2485	7963	587	0.07	0	6
scaffold_2486	7943	164	0.02	0	4
scaffold_2487	7926	300	0.04	0	1
scaffold_2488	7921	11929	1.51	0	29
scaffold_2489	7913	900	0.11	0	6
scaffold_2490	7902	3030	0.38	0	7
scaffold_2491	7901	2532	0.32	0	10
scaffold_2492	7898	10606	1.34	0	16
scaffold_2493	7897	2397	0.30	0	14
scaffold_2495	7891	150	0.02	0	1
scaffold_2496	7885	6698	0.85	0	54
scaffold_2497	7882	3651	0.46	0	19
scaffold_2498	7874	3197	0.41	0	13
scaffold_2499	7869	146	0.02	0	1
scaffold_2500	7852	7669	0.98	0	10
scaffold_2501	7834	273878	34.96	0	323
scaffold_2502	7824	1033	0.13	0	40
scaffold_2503	7810	80	0.01	0	1
scaffold_2504	7808	18559	2.38	0	98
scaffold_2505	7805	394	0.05	0	2
scaffold_2506	7804	356	0.05	0	3
scaffold_2507	7798	188359	24.15	0	234
scaffold_2508	7797	414	0.05	0	2
scaffold_2509	7794	1241	0.16	0	8
scaffold_2510	7771	2004	0.26	0	12
scaffold_2512	7755	8772	1.13	0	35
scaffold_2513	7754	218490	28.18	0	1748
scaffold_2514	7743	715	0.09	0	4
scaffold_2515	7733	19381	2.51	0	48
scaffold_2516	7725	523	0.07	0	2
scaffold_2517	7715	366	0.05	0	4
scaffold_2518	7696	300	0.04	0	2
scaffold_2519	7678	6716	0.87	0	11
scaffold_2520	7676	8497	1.11	0	22
scaffold_2521	7676	125021	16.29	0	156
scaffold_2522	7674	1180	0.15	0	4
scaffold_2523	7672	1781	0.23	0	6
scaffold_2524	7672	1593	0.21	0	4
scaffold_2525	7671	144207	18.80	0	76
scaffold_2526	7671	69442	9.05	0	174
scaffold_2527	7670	182	0.02	0	1
scaffold_2528	7670	113333	14.78	0	301
scaffold_2529	7655	6476	0.85	0	33
scaffold_2530	7648	1763	0.23	0	4
scaffold_2531	7642	662	0.09	0	32
scaffold_2532	7641	1987	0.26	0	6
scaffold_2533	7639	30452	3.99	0	166
scaffold_2535	7636	1806	0.24	0	6
scaffold_2536	7630	2694	0.35	0	8
scaffold_2537	7615	817	0.11	0	2
scaffold_2538	7607	7259	0.95	0	17
scaffold_2540	7582	45500	6.00	0	102
scaffold_2541	7564	336	0.04	0	2
scaffold_2542	7555	7184	0.95	0	26
scaffold_2543	7553	104	0.01	0	4
scaffold_2544	7551	683	0.09	0	2
scaffold_2545	7527	230	0.03	0	2
scaffold_2546	7520	1858	0.25	0	5
scaffold_2547	7510	566	0.08	0	2
scaffold_2548	7485	532	0.07	0	26
scaffold_2549	7482	449	0.06	0	2
scaffold_2550	7482	157	0.02	0	2
scaffold_2551	7475	111	0.01	0	1
scaffold_2552	7473	19	0.00	0	1
scaffold_2553	7473	202	0.03	0	2
scaffold_2554	7446	500	0.07	0	6
scaffold_2555	7372	4874	0.66	0	16
scaffold_2556	7348	480	0.07	0	2
scaffold_2557	7325	494	0.07	0	4
scaffold_2558	7302	300	0.04	0	2
scaffold_2559	7296	6046	0.83	0	29
scaffold_2560	7284	360	0.05	0	4
scaffold_2561	7250	300	0.04	0	2
scaffold_2562	7214	122108	16.93	0	74
scaffold_2563	7202	1944	0.27	0	3
scaffold_2564	7194	287	0.04	0	2
scaffold_2565	7146	148809	20.82	0	522
scaffold_2566	7146	6450	0.90	0	21
scaffold_2567	7117	10894	1.53	0	14
scaffold_2568	7112	268	0.04	0	2
scaffold_2569	7108	238	0.03	0	1
scaffold_2570	7100	14516	2.04	0	20
scaffold_2571	7064	300	0.04	0	2
scaffold_2572	7043	223	0.03	0	2
scaffold_2573	7035	1165	0.17	0	7
scaffold_2575	6979	145	0.02	0	1
scaffold_2577	6970	8282	1.19	0	19
scaffold_2578	6961	632	0.09	0	8
scaffold_2579	6942	1718	0.25	0	9
scaffold_2580	6918	1728	0.25	0	16
scaffold_2582	6918	396	0.06	0	1
scaffold_2584	6816	16450	2.41	0	49
scaffold_2585	6807	109	0.02	0	1
scaffold_2587	6797	55109	8.11	0	129
scaffold_2588	6762	73	0.01	0	1
scaffold_2589	6756	1079	0.16	0	4
scaffold_2590	6730	9687	1.44	0	39
scaffold_2591	6713	1082	0.16	0	23
scaffold_2592	6685	756	0.11	0	6
scaffold_2593	6683	245792	36.78	0	220
scaffold_2594	6672	917	0.14	0	4
scaffold_2595	6612	144	0.02	0	2
scaffold_2596	6601	110793	16.78	0	238
scaffold_2597	6553	595	0.09	0	1
scaffold_2598	6531	1738	0.27	0	6
scaffold_2602	6492	2696	0.42	0	116
scaffold_2603	6457	36148	5.60	0	75
scaffold_2604	6431	224	0.03	0	1
scaffold_2605	6429	2658	0.41	0	21
scaffold_2607	6393	1017	0.16	0	3
scaffold_2608	6367	11543	1.81	0	23
scaffold_2609	6364	900	0.14	0	4
scaffold_2610	6347	300	0.05	0	2
scaffold_2612	6307	449	0.07	0	2
scaffold_2613	6280	150	0.02	0	1
scaffold_2615	6275	172	0.03	0	1
scaffold_2616	6262	600	0.10	0	4
scaffold_2617	6257	35	0.01	0	1
scaffold_2618	6249	652	0.10	0	4
scaffold_2619	6245	644	0.10	0	4
scaffold_2621	6186	5746	0.93	0	41
scaffold_2622	6176	2622	0.42	0	10
scaffold_2623	6170	1855	0.30	0	17
scaffold_2624	6139	11625	1.89	0	40
scaffold_2625	6132	1340	0.22	0	4
scaffold_2627	6078	1217	0.20	0	4
scaffold_2628	6055	28400	4.69	0	59
scaffold_2629	6051	3004	0.50	0	16
scaffold_2630	6033	246	0.04	0	1
scaffold_2631	5988	237	0.04	0	3
scaffold_2632	5978	10030	1.68	0	103
scaffold_2633	5945	614	0.10	0	4
scaffold_2634	5944	364	0.06	0	2
scaffold_2635	5937	4877	0.82	0	20
scaffold_2636	5926	1184	0.20	0	8
scaffold_2637	5916	7841	1.33	0	24
scaffold_2639	5860	643498	109.81	0	673
scaffold_2640	5844	2106	0.36	0	14
scaffold_2641	5833	2762	0.47	0	19
scaffold_2642	5832	900	0.15	0	4
scaffold_2643	5819	1598	0.27	0	6
scaffold_2644	5743	300	0.05	0	1
scaffold_2645	5738	452	0.08	0	2
scaffold_2647	5680	375	0.07	0	2
scaffold_2648	5667	4372	0.77	0	13
scaffold_2650	5622	1251	0.22	0	3
scaffold_2652	5535	20799	3.76	0	41
scaffold_2653	5510	142	0.03	0	1
scaffold_2655	5391	414	0.08	0	14
scaffold_2656	5375	450	0.08	0	2
scaffold_2657	5347	1064	0.20	0	14
scaffold_2658	5325	1297486	243.66	0	2422
scaffold_2659	5321	150	0.03	0	1
scaffold_2660	5318	530	0.10	0	3
scaffold_2662	5226	8176	1.56	0	54
scaffold_2663	5216	229	0.04	0	1
scaffold_2664	5155	4522	0.88	0	28
scaffold_2665	5079	106857	21.04	0	107
scaffold_2667	4986	408	0.08	0	4
scaffold_2668	4947	1967	0.40	0	16
scaffold_2670	4874	1374	0.28	0	5
scaffold_2671	4851	945	0.19	0	3
scaffold_2672	4756	4184	0.88	0	13
scaffold_2673	4725	566	0.12	0	14
scaffold_2674	4713	996	0.21	0	4
scaffold_2675	4677	17059	3.65	0	50
scaffold_2677	4625	18097	3.91	0	81
scaffold_2679	4464	7789	1.74	0	10
scaffold_2680	4461	266	0.06	0	3
scaffold_2682	4334	150	0.03	0	1
scaffold_2683	4321	2400	0.56	0	12
scaffold_2684	4269	80	0.02	0	2
scaffold_2686	4252	422	0.10	0	2
scaffold_2687	4233	204	0.05	0	2
scaffold_2688	4128	188	0.05	0	2
scaffold_2690	4045	1110	0.27	0	6
scaffold_2691	3979	2608	0.66	0	130
scaffold_2692	3928	150	0.04	0	1
scaffold_2694	3609	264	0.07	0	10
scaffold_2695	3608	76320	21.15	0	194
scaffold_2697	3405	1546	0.45	0	11
scaffold_2698	3389	6331	1.87	0	45
scaffold_2699	3371	929	0.28	0	3
scaffold_2700	3146	320	0.10	0	5
scaffold_2701	3041	27786	9.14	0	157
total	78858750	9152105057	116.06	0	145792
