chrom	length	bases	mean	min	max
scaffold_1	258050	36328491	140.78	0	6843
scaffold_2	248132	14446235	58.22	0	3196
scaffold_3	240340	22607358	94.06	0	6087
scaffold_4	232527	21296673	91.59	0	7560
scaffold_5	218268	19592742	89.76	0	8073
scaffold_6	216163	41509063	192.03	0	8825
scaffold_7	215756	33460256	155.08	0	5961
scaffold_8	204092	29458144	144.34	0	44063
scaffold_9	200499	27560333	137.46	0	6884
scaffold_10	193644	22962481	118.58	0	9582
scaffold_11	192184	13258909	68.99	0	3759
scaffold_12	190472	17468869	91.71	0	5619
scaffold_13	188798	21764662	115.28	0	9954
scaffold_14	188592	30561704	162.05	0	12647
scaffold_15	184177	33736843	183.18	0	7745
scaffold_16	184150	27254822	148.00	0	14727
scaffold_17	182989	15121298	82.64	0	2858
scaffold_18	180163	19431402	107.85	0	3812
scaffold_19	177887	18499403	104.00	0	3311
scaffold_20	177768	25200498	141.76	0	18792
scaffold_21	176967	15290388	86.40	0	5715
scaffold_22	176287	21056493	119.44	0	9209
scaffold_23	175766	23799125	135.40	0	11607
scaffold_24	175039	12159350	69.47	0	3007
scaffold_25	172451	8802903	51.05	0	2043
scaffold_26	171572	8538710	49.77	0	9125
scaffold_27	169846	17482709	102.93	0	3122
scaffold_28	169747	8653514	50.98	0	1945
scaffold_29	169516	16231454	95.75	0	5298
scaffold_30	169002	19243739	113.87	0	12042
scaffold_31	168851	18953339	112.25	0	7361
scaffold_32	167463	21238399	126.82	0	15954
scaffold_33	165556	14398629	86.97	0	5546
scaffold_34	162450	30527431	187.92	0	12316
scaffold_35	160431	12972310	80.86	0	6759
scaffold_36	159974	21485216	134.30	0	7208
scaffold_37	158115	14730369	93.16	0	3985
scaffold_38	156265	12833083	82.12	0	4771
scaffold_39	155734	32872710	211.08	0	11045
scaffold_40	154948	7254149	46.82	0	2863
scaffold_41	153622	58771101	382.57	0	53037
scaffold_42	153425	10705520	69.78	0	11003
scaffold_43	150126	21842605	145.50	0	5904
scaffold_44	149265	23335135	156.33	0	7120
scaffold_45	149036	8870971	59.52	0	4001
scaffold_46	147583	21696646	147.01	0	12949
scaffold_47	145342	5457161	37.55	0	6530
scaffold_48	140992	10723443	76.06	0	8542
scaffold_49	140248	7597953	54.18	0	1284
scaffold_50	139289	24637367	176.88	0	11376
scaffold_51	137535	18020472	131.02	0	4530
scaffold_52	136761	16975393	124.12	0	8006
scaffold_53	135891	19985568	147.07	0	8174
scaffold_54	134626	9409009	69.89	0	14464
scaffold_55	133646	4888080	36.57	0	2958
scaffold_56	133394	18776785	140.76	0	20601
scaffold_57	132883	15884466	119.54	0	6050
scaffold_58	132864	18452831	138.89	0	12001
scaffold_59	131607	13677477	103.93	0	8588
scaffold_60	131302	124202962	945.93	0	6822
scaffold_61	131289	42344731	322.53	0	21964
scaffold_62	130448	18653795	143.00	0	9449
scaffold_63	129997	9281362	71.40	0	3650
scaffold_64	129924	14591138	112.31	0	2686
scaffold_65	129723	24127589	185.99	0	9558
scaffold_66	129120	70536477	546.29	0	12405
scaffold_67	128614	12648202	98.34	0	2973
scaffold_68	128552	25871582	201.25	0	14585
scaffold_69	125362	14218726	113.42	0	3206
scaffold_70	124340	8900735	71.58	0	4042
scaffold_71	122804	6130667	49.92	0	1778
scaffold_72	122534	30241242	246.80	0	9289
scaffold_73	120999	13465681	111.29	0	8809
scaffold_74	120851	27506970	227.61	0	14678
scaffold_75	120373	11995963	99.66	0	3086
scaffold_76	119861	11662121	97.30	0	4001
scaffold_77	119812	15738512	131.36	0	4381
scaffold_78	119291	30509706	255.76	0	24104
scaffold_79	119096	17927511	150.53	0	19521
scaffold_80	117894	38014307	322.44	0	10515
scaffold_81	116818	24934950	213.45	0	18927
scaffold_82	116772	1731924	14.83	0	429
scaffold_83	116415	24521107	210.64	0	12096
scaffold_84	116399	4786808	41.12	0	1020
scaffold_85	116356	7811059	67.13	0	2960
scaffold_86	116240	4477500	38.52	0	1873
scaffold_87	116078	7886281	67.94	0	3313
scaffold_88	115868	4371261	37.73	0	3584
scaffold_89	113520	7419969	65.36	0	3841
scaffold_90	112829	7422347	65.78	0	1097
scaffold_91	112277	7778517	69.28	0	2833
scaffold_92	111554	18969052	170.04	0	6539
scaffold_93	111422	34913766	313.35	0	15592
scaffold_94	111050	28313104	254.96	0	10099
scaffold_95	110931	20006404	180.35	0	8032
scaffold_96	110900	14257619	128.56	0	3759
scaffold_97	110337	12561499	113.85	0	6402
scaffold_98	109651	7258755	66.20	0	1700
scaffold_99	108996	13037807	119.62	0	4070
scaffold_100	108698	9519129	87.57	0	1295
scaffold_101	108677	2270687	20.89	0	1301
scaffold_102	108341	19414432	179.20	0	12431
scaffold_103	108222	2203382	20.36	0	2124
scaffold_104	108155	16815894	155.48	0	10393
scaffold_105	107782	13730615	127.39	0	11314
scaffold_106	107167	4160249	38.82	0	2214
scaffold_107	107048	19222369	179.57	0	8991
scaffold_108	106420	11295823	106.14	0	6806
scaffold_109	105471	9305039	88.22	0	3970
scaffold_110	104545	15704514	150.22	0	12872
scaffold_111	104234	11154730	107.02	0	14203
scaffold_112	103734	9075682	87.49	0	3771
scaffold_113	103452	4395363	42.49	0	1417
scaffold_114	102432	9869656	96.35	0	3938
scaffold_115	102382	15157905	148.05	0	5377
scaffold_116	102021	10555091	103.46	0	7072
scaffold_117	101561	6698578	65.96	0	7636
scaffold_118	101488	7128302	70.24	0	1774
scaffold_119	101190	13035530	128.82	0	6852
scaffold_120	100779	11579059	114.90	0	12285
scaffold_121	100725	6523665	64.77	0	1929
scaffold_122	100488	3886475	38.68	0	4581
scaffold_123	100407	26889573	267.81	0	12145
scaffold_124	100406	16727082	166.59	0	8420
scaffold_125	100391	9734855	96.97	0	8504
scaffold_126	100096	115196454	1150.86	0	25217
scaffold_127	100010	7967026	79.66	0	2685
scaffold_128	99842	58780890	588.74	0	49287
scaffold_129	99222	25359842	255.59	0	13115
scaffold_130	99201	4590153	46.27	0	1416
scaffold_131	99104	10531256	106.26	0	4517
scaffold_132	98697	11112070	112.59	0	6715
scaffold_133	98473	7775574	78.96	0	1271
scaffold_134	97881	11156240	113.98	0	5772
scaffold_135	97839	4805005	49.11	0	1373
scaffold_136	97598	5794799	59.37	0	1118
scaffold_137	97537	5979639	61.31	0	6109
scaffold_138	97316	5735437	58.94	0	1283
scaffold_139	96603	16313712	168.87	0	4887
scaffold_140	95957	3571686	37.22	0	2822
scaffold_141	95931	15507124	161.65	0	6798
scaffold_142	95771	6055497	63.23	0	1788
scaffold_143	95588	17506680	183.15	0	11933
scaffold_144	95500	3084441	32.30	0	3956
scaffold_145	95414	13853914	145.20	0	6599
scaffold_146	95066	16695461	175.62	0	16706
scaffold_147	94957	13007057	136.98	0	6509
scaffold_148	94907	9821105	103.48	0	4547
scaffold_149	94861	13725229	144.69	0	12759
scaffold_150	94765	5827448	61.49	0	2758
scaffold_151	94626	15978873	168.86	0	10906
scaffold_152	94521	15497560	163.96	0	15266
scaffold_153	94470	10557162	111.75	0	1580
scaffold_154	94381	11015784	116.72	0	3639
scaffold_155	94342	9024456	95.66	0	7836
scaffold_156	94148	9799531	104.09	0	13495
scaffold_157	93866	5949938	63.39	0	2092
scaffold_158	93461	13301403	142.32	0	10010
scaffold_159	93408	4072302	43.60	0	892
scaffold_160	93361	6262023	67.07	0	1370
scaffold_161	93303	7504046	80.43	0	2765
scaffold_162	93089	6433379	69.11	0	1311
scaffold_163	93063	10671071	114.67	0	9008
scaffold_164	93060	5297091	56.92	0	3209
scaffold_165	93004	7949267	85.47	0	8427
scaffold_166	92908	17506459	188.43	0	4618
scaffold_167	92242	30381370	329.37	0	9035
scaffold_168	91870	9708942	105.68	0	2672
scaffold_169	91569	1475336	16.11	0	988
scaffold_170	91069	7085077	77.80	0	2586
scaffold_171	91068	13069609	143.51	0	7880
scaffold_172	90834	46487021	511.78	0	93735
scaffold_173	90778	10811674	119.10	0	2552
scaffold_174	90771	13921250	153.37	0	4421
scaffold_175	90751	9909045	109.19	0	6149
scaffold_176	90477	12538387	138.58	0	7599
scaffold_177	90367	4971151	55.01	0	1400
scaffold_178	90342	6958284	77.02	0	5238
scaffold_179	89989	6494685	72.17	0	3324
scaffold_180	89875	6156059	68.50	0	2814
scaffold_181	89803	8866140	98.73	0	4899
scaffold_182	89655	4743321	52.91	0	5674
scaffold_183	89622	8202897	91.53	0	7109
scaffold_184	89584	3370144	37.62	0	1530
scaffold_185	89514	12011407	134.18	0	2900
scaffold_186	89470	4543721	50.78	0	1186
scaffold_187	89409	6093851	68.16	0	4790
scaffold_188	89260	16274967	182.33	0	12777
scaffold_189	89238	5651800	63.33	0	2122
scaffold_190	88747	13110362	147.73	0	2708
scaffold_191	88583	19682370	222.19	0	5268
scaffold_192	88406	7581273	85.76	0	1742
scaffold_193	88242	26951895	305.43	0	9470
scaffold_194	87752	7846415	89.42	0	2279
scaffold_195	87672	19518148	222.63	0	9103
scaffold_196	87553	1658251	18.94	0	565
scaffold_197	87481	5887980	67.31	0	1654
scaffold_198	87450	12698918	145.21	0	7057
scaffold_199	87365	10236140	117.17	0	2004
scaffold_200	87307	3404359	38.99	0	924
scaffold_201	87064	5839055	67.07	0	7284
scaffold_202	87061	4518815	51.90	0	948
scaffold_203	86947	9300802	106.97	0	2505
scaffold_204	86886	9082459	104.53	0	3655
scaffold_205	86609	17010485	196.41	0	11446
scaffold_206	86559	17478778	201.93	0	9445
scaffold_207	86475	12326982	142.55	0	4774
scaffold_208	86397	3209230	37.15	0	579
scaffold_209	86273	14147892	163.99	0	3038
scaffold_210	85893	5412126	63.01	0	2417
scaffold_211	85654	5093080	59.46	0	1688
scaffold_212	85631	6980359	81.52	0	4021
scaffold_213	85554	22048059	257.71	0	10361
scaffold_214	85457	8425693	98.60	0	2497
scaffold_215	85150	13221259	155.27	0	4540
scaffold_216	84998	7745317	91.12	0	5039
scaffold_217	84546	11846614	140.12	0	7212
scaffold_218	84526	18748284	221.80	0	11734
scaffold_219	84396	7341897	86.99	0	4592
scaffold_220	84377	1419851	16.83	0	745
scaffold_221	84294	21675198	257.14	0	14032
scaffold_222	84262	30552790	362.59	0	16271
scaffold_223	84135	2218806	26.37	0	1017
scaffold_224	84095	4670885	55.54	0	2972
scaffold_225	83713	2352576	28.10	0	908
scaffold_226	83653	16069426	192.10	0	5980
scaffold_227	83601	5776161	69.09	0	2502
scaffold_228	83598	9902479	118.45	0	4276
scaffold_229	83545	31228115	373.79	0	24608
scaffold_230	83363	10486553	125.79	0	4583
scaffold_231	83346	5065752	60.78	0	2740
scaffold_232	83097	9178956	110.46	0	16049
scaffold_233	82896	4913572	59.27	0	1224
scaffold_234	82696	9212853	111.41	0	1442
scaffold_235	82682	9685366	117.14	0	6216
scaffold_236	82633	15549305	188.17	0	3862
scaffold_237	82499	13774451	166.97	0	3364
scaffold_238	82404	2992537	36.32	0	6737
scaffold_239	82333	5168016	62.77	0	2775
scaffold_240	82257	4452017	54.12	0	4065
scaffold_241	82195	9298189	113.12	0	1610
scaffold_242	82051	1624136	19.79	0	602
scaffold_243	81919	6839400	83.49	0	1487
scaffold_244	81848	1123919	13.73	0	444
scaffold_245	81815	5778064	70.62	0	795
scaffold_246	81541	2058988	25.25	0	643
scaffold_247	81518	18184385	223.07	0	8432
scaffold_248	81359	12914748	158.74	0	11895
scaffold_249	81336	6068912	74.62	0	1804
scaffold_250	81314	8062539	99.15	0	2152
scaffold_251	80977	10338449	127.67	0	8289
scaffold_252	80700	6029043	74.71	0	2220
scaffold_253	80618	4987062	61.86	0	3111
scaffold_254	80545	9995362	124.10	0	5965
scaffold_255	80508	4387140	54.49	0	1007
scaffold_256	80387	5191753	64.58	0	1147
scaffold_257	80195	13787811	171.93	0	7575
scaffold_258	79992	5709308	71.37	0	989
scaffold_259	79986	5305557	66.33	0	1145
scaffold_260	79917	17993364	225.15	0	5602
scaffold_261	79765	11644086	145.98	0	10984
scaffold_262	79619	12847510	161.36	0	6834
scaffold_263	79529	5651999	71.07	0	1921
scaffold_264	79494	3241638	40.78	0	771
scaffold_265	79369	12256621	154.43	0	9897
scaffold_266	79292	1916472	24.17	0	625
scaffold_267	79162	2090730	26.41	0	1397
scaffold_268	79050	9871610	124.88	0	5384
scaffold_269	78799	5827685	73.96	0	996
scaffold_270	78776	5889881	74.77	0	4251
scaffold_271	78770	12839431	163.00	0	9926
scaffold_272	78736	17524616	222.57	0	4764
scaffold_273	78718	2449769	31.12	0	987
scaffold_274	78671	15108532	192.05	0	5139
scaffold_275	78518	4044978	51.52	0	857
scaffold_276	78387	20985548	267.72	0	9783
scaffold_277	78352	2791084	35.62	0	4222
scaffold_278	77644	2807928	36.16	0	1793
scaffold_279	77509	9987950	128.86	0	3963
scaffold_280	77491	5164744	66.65	0	6077
scaffold_281	77346	15085255	195.04	0	30161
scaffold_282	77214	2933411	37.99	0	595
scaffold_283	77159	13741693	178.10	0	10505
scaffold_284	77086	12538192	162.65	0	6969
scaffold_285	76804	8566575	111.54	0	6849
scaffold_286	76719	9754281	127.14	0	7018
scaffold_287	76669	3862126	50.37	0	1319
scaffold_288	76589	6302192	82.29	0	3482
scaffold_289	76531	4786261	62.54	0	2382
scaffold_290	76368	8396537	109.95	0	8043
scaffold_291	76343	8291466	108.61	0	1949
scaffold_292	75948	9663079	127.23	0	2946
scaffold_293	75866	8772582	115.63	0	5983
scaffold_294	75830	4867150	64.19	0	3893
scaffold_295	75806	8993317	118.64	0	3509
scaffold_296	75742	13462324	177.74	0	16435
scaffold_297	75702	8182573	108.09	0	3670
scaffold_298	75656	6325219	83.60	0	5467
scaffold_299	75582	7651550	101.24	0	7735
scaffold_300	75428	3713966	49.24	0	4666
scaffold_301	75401	6747789	89.49	0	10581
scaffold_302	75346	13769529	182.75	0	3746
scaffold_303	75276	5169804	68.68	0	1545
scaffold_304	75225	17343406	230.55	0	8289
scaffold_305	75218	8422791	111.98	0	2838
scaffold_306	75162	8099028	107.75	0	3681
scaffold_307	75133	12225103	162.71	0	11021
scaffold_308	75133	4779764	63.62	0	951
scaffold_309	75066	2819569	37.56	0	965
scaffold_310	74996	8524520	113.67	0	6274
scaffold_311	74974	10681920	142.47	0	2438
scaffold_312	74952	7892980	105.31	0	3790
scaffold_313	74537	4273940	57.34	0	1138
scaffold_314	74373	2654596	35.69	0	1812
scaffold_315	74273	2960532	39.86	0	1448
scaffold_316	73912	6770267	91.60	0	11347
scaffold_317	73803	8210322	111.25	0	6303
scaffold_318	73760	3276481	44.42	0	964
scaffold_319	73752	4387850	59.49	0	6334
scaffold_320	73724	12298205	166.81	0	7412
scaffold_321	73623	18224897	247.54	0	19541
scaffold_322	73296	18613893	253.96	0	15062
scaffold_323	73294	6830887	93.20	0	2659
scaffold_324	73106	6388312	87.38	0	1837
scaffold_325	73095	3328629	45.54	0	684
scaffold_326	72884	5243779	71.95	0	1656
scaffold_327	72803	5603821	76.97	0	1128
scaffold_328	72794	7335793	100.77	0	1912
scaffold_329	72772	3594165	49.39	0	1360
scaffold_330	72699	8916190	122.65	0	8162
scaffold_331	72689	1828097	25.15	0	855
scaffold_332	72566	4756318	65.54	0	1674
scaffold_333	72538	8832304	121.76	0	3268
scaffold_334	72399	8017841	110.75	0	3259
scaffold_335	72383	9250754	127.80	0	6585
scaffold_336	72382	1243155	17.17	0	1786
scaffold_337	72367	5080793	70.21	0	886
scaffold_338	72185	2551360	35.34	0	2345
scaffold_339	72135	47020726	651.84	0	16095
scaffold_340	71897	3621849	50.38	0	709
scaffold_341	71732	8505251	118.57	0	2676
scaffold_342	71640	2748955	38.37	0	1168
scaffold_343	71456	9158513	128.17	0	2142
scaffold_344	71212	6259149	87.89	0	1515
scaffold_345	71207	6020810	84.55	0	11035
scaffold_346	71181	7395241	103.89	0	8448
scaffold_347	71023	3009330	42.37	0	1324
scaffold_348	70947	2479737	34.95	0	1457
scaffold_349	70921	16194680	228.35	0	9361
scaffold_350	70920	6676390	94.14	0	4008
scaffold_351	70698	10307089	145.79	0	4438
scaffold_352	70509	5984598	84.88	0	1771
scaffold_353	70476	4406008	62.52	0	3379
scaffold_354	70394	3738302	53.11	0	719
scaffold_355	70075	9008066	128.55	0	3895
scaffold_356	70022	1503474	21.47	0	282
scaffold_357	70019	12023653	171.72	0	5607
scaffold_358	69978	2886814	41.25	0	826
scaffold_359	69942	2236616	31.98	0	523
scaffold_360	69899	9837297	140.74	0	4320
scaffold_361	69670	13128903	188.44	0	6412
scaffold_362	69439	12566147	180.97	0	16168
scaffold_363	69354	2268628	32.71	0	1417
scaffold_364	69281	9178667	132.48	0	7985
scaffold_365	69056	20050756	290.36	0	16139
scaffold_366	68894	5261751	76.37	0	1246
scaffold_367	68822	6171838	89.68	0	3936
scaffold_368	68655	1976756	28.79	0	376
scaffold_369	68411	7809007	114.15	0	9814
scaffold_370	68323	6937920	101.55	0	1950
scaffold_371	68316	6746389	98.75	0	11351
scaffold_372	68316	13484565	197.39	0	8947
scaffold_373	68050	8444530	124.09	0	10414
scaffold_374	67955	10882721	160.15	0	12256
scaffold_375	67904	784821	11.56	0	786
scaffold_376	67896	4747781	69.93	0	1824
scaffold_377	67539	12781685	189.25	0	19597
scaffold_378	67365	4577257	67.95	0	1440
scaffold_379	67300	6261682	93.04	0	1049
scaffold_380	67226	6035163	89.77	0	2569
scaffold_381	67163	98799724	1471.04	0	163660
scaffold_382	67153	1325641	19.74	0	471
scaffold_383	67089	4658517	69.44	0	1328
scaffold_384	66981	7628872	113.90	0	1268
scaffold_385	66708	5831269	87.41	0	2235
scaffold_386	66547	6309143	94.81	0	2775
scaffold_387	66428	6770033	101.92	0	2956
scaffold_388	66322	6865142	103.51	0	1847
scaffold_389	66153	5531491	83.62	0	4955
scaffold_390	66066	5109438	77.34	0	14357
scaffold_391	66054	11261367	170.49	0	12272
scaffold_392	66008	3774968	57.19	0	1930
scaffold_393	66003	1104167	16.73	0	1044
scaffold_394	65962	4555053	69.06	0	1885
scaffold_395	65884	7957403	120.78	0	2811
scaffold_396	65862	1472265	22.35	0	490
scaffold_397	65803	4068906	61.83	0	2746
scaffold_398	65785	10864149	165.15	0	13456
scaffold_399	65783	1336559	20.32	0	711
scaffold_400	65719	4143833	63.05	0	2000
scaffold_401	65659	7219158	109.95	0	4513
scaffold_402	65491	14124089	215.66	0	3350
scaffold_403	65457	3408580	52.07	0	3307
scaffold_404	65356	5094154	77.94	0	1291
scaffold_405	65308	6827829	104.55	0	2566
scaffold_406	65294	4525795	69.31	0	4963
scaffold_407	65109	7358545	113.02	0	8383
scaffold_408	65048	2926056	44.98	0	1175
scaffold_409	64950	4488077	69.10	0	1750
scaffold_410	64753	3096388	47.82	0	915
scaffold_411	64735	285725573	4413.77	0	604949
scaffold_412	64726	4556990	70.40	0	5523
scaffold_413	64638	1625840	25.15	0	790
scaffold_414	64605	4516360	69.91	0	1588
scaffold_415	64483	3470343	53.82	0	1261
scaffold_416	64397	4694021	72.89	0	1932
scaffold_417	64395	19307429	299.83	0	11418
scaffold_418	64348	3458827	53.75	0	609
scaffold_419	64330	5293197	82.28	0	1486
scaffold_420	64271	13762908	214.14	0	16549
scaffold_421	64099	5120920	79.89	0	5586
scaffold_422	64010	3359899	52.49	0	878
scaffold_423	64005	29031578	453.58	0	16559
scaffold_424	63974	51568887	806.09	0	2896
scaffold_425	63940	4625148	72.34	0	1192
scaffold_426	63869	1488212	23.30	0	589
scaffold_427	63869	5271003	82.53	0	2843
scaffold_428	63793	1711120	26.82	0	1703
scaffold_429	63598	5378011	84.56	0	4893
scaffold_430	63541	1702476	26.79	0	1181
scaffold_431	63404	874336	13.79	0	753
scaffold_432	63342	9952406	157.12	0	14058
scaffold_433	63314	13258648	209.41	0	13132
scaffold_434	63304	6845887	108.14	0	2237
scaffold_435	63288	2559444	40.44	0	2764
scaffold_436	63158	3264276	51.68	0	1089
scaffold_437	62948	6499021	103.24	0	3142
scaffold_438	62862	8057413	128.18	0	5585
scaffold_439	62703	4294103	68.48	0	860
scaffold_440	62686	22573481	360.10	0	10599
scaffold_441	62593	5964128	95.28	0	1405
scaffold_442	62541	65940202	1054.35	0	207700
scaffold_443	62382	11060714	177.31	0	12499
scaffold_444	62367	5374668	86.18	0	3313
scaffold_445	62255	7615968	122.34	0	3209
scaffold_446	62188	11729595	188.62	0	3731
scaffold_447	62136	10486909	168.77	0	10539
scaffold_448	62082	1893149	30.49	0	777
scaffold_449	62001	8822670	142.30	0	1968
scaffold_450	61910	1923347	31.07	0	1269
scaffold_451	61771	5162676	83.58	0	1687
scaffold_452	61672	7171740	116.29	0	9122
scaffold_453	61515	9312937	151.39	0	7342
scaffold_454	61467	6316712	102.77	0	2071
scaffold_455	61234	6505561	106.24	0	1765
scaffold_456	61211	13395415	218.84	0	10205
scaffold_457	61049	4632345	75.88	0	4617
scaffold_458	61028	1677671	27.49	0	390
scaffold_459	61001	5537020	90.77	0	3691
scaffold_460	60878	5045535	82.88	0	3859
scaffold_461	60719	2731802	44.99	0	2187
scaffold_462	60706	7097042	116.91	0	1538
scaffold_463	60693	1553582	25.60	0	494
scaffold_464	60661	8316737	137.10	0	4831
scaffold_465	60651	1906643	31.44	0	482
scaffold_466	60457	6402260	105.90	0	9654
scaffold_467	60419	5739355	94.99	0	3570
scaffold_468	60400	51018597	844.68	0	3038
scaffold_469	60341	4304742	71.34	0	1121
scaffold_470	60335	19591386	324.71	0	13934
scaffold_471	60233	688406	11.43	0	175
scaffold_472	60170	62197668	1033.70	0	16080
scaffold_473	60077	2442652	40.66	0	1742
scaffold_474	60026	32351990	538.97	0	16384
scaffold_475	60019	16306433	271.69	0	6007
scaffold_476	59976	3594295	59.93	0	888
scaffold_477	59919	6650350	110.99	0	3983
scaffold_478	59913	3750683	62.60	0	1166
scaffold_479	59839	5241648	87.60	0	9728
scaffold_480	59831	3818263	63.82	0	1154
scaffold_481	59621	82377	1.38	0	357
scaffold_482	59596	5938519	99.65	0	2361
scaffold_483	59465	5957083	100.18	0	4692
scaffold_484	59459	4733233	79.60	0	1253
scaffold_485	59453	6433096	108.20	0	3187
scaffold_486	59428	3244215	54.59	0	1715
scaffold_487	59337	3276787	55.22	0	1087
scaffold_488	59302	9675597	163.16	0	5207
scaffold_489	59271	4320045	72.89	0	1431
scaffold_490	59141	7407508	125.25	0	6110
scaffold_491	59102	1360061	23.01	0	640
scaffold_492	59046	10238065	173.39	0	9164
scaffold_493	59039	525993	8.91	0	339
scaffold_494	58965	5393364	91.47	0	1479
scaffold_495	58872	2253190	38.27	0	1030
scaffold_496	58666	2746032	46.81	0	786
scaffold_497	58661	7444977	126.92	0	5705
scaffold_498	58657	3743158	63.81	0	993
scaffold_499	58594	5198657	88.72	0	1066
scaffold_500	58449	428686	7.33	0	828
scaffold_501	58440	3143346	53.79	0	687
scaffold_502	58384	3880304	66.46	0	5157
scaffold_503	58203	12048092	207.00	0	7852
scaffold_504	58164	5995571	103.08	0	4267
scaffold_505	57921	2993663	51.69	0	2354
scaffold_506	57834	58256	1.01	0	189
scaffold_507	57748	3441167	59.59	0	1037
scaffold_508	57710	1129152	19.57	0	358
scaffold_509	57608	5039078	87.47	0	4882
scaffold_510	57539	11744598	204.12	0	5558
scaffold_511	57495	28436943	494.60	0	22395
scaffold_512	57477	7769070	135.17	0	7180
scaffold_513	57412	15664951	272.85	0	9925
scaffold_514	57350	3006125	52.42	0	967
scaffold_515	57266	4844980	84.60	0	5089
scaffold_516	57252	4248682	74.21	0	2482
scaffold_517	57176	531646	9.30	0	521
scaffold_518	57080	7958368	139.42	0	3943
scaffold_519	56998	2186042	38.35	0	1328
scaffold_520	56929	7400871	130.00	0	2996
scaffold_521	56887	4249962	74.71	0	4383
scaffold_522	56876	14587274	256.48	0	7692
scaffold_523	56858	2206732	38.81	0	1273
scaffold_524	56789	5971911	105.16	0	2900
scaffold_525	56775	4345425	76.54	0	1253
scaffold_526	56766	6824191	120.22	0	3897
scaffold_527	56756	7224104	127.28	0	7800
scaffold_528	56720	6215910	109.59	0	2211
scaffold_529	56631	3448049	60.89	0	1046
scaffold_530	56553	4873871	86.18	0	8518
scaffold_531	56540	378028	6.69	0	244
scaffold_532	56507	2722030	48.17	0	2156
scaffold_533	56361	7330591	130.06	0	2019
scaffold_534	56323	23644097	419.79	0	12343
scaffold_535	56267	7504720	133.38	0	9242
scaffold_536	56102	6973712	124.30	0	1963
scaffold_537	56079	29445480	525.07	0	21002
scaffold_538	56077	5017371	89.47	0	1945
scaffold_539	56063	5280195	94.18	0	1156
scaffold_540	56011	407007	7.27	0	196
scaffold_541	55924	434	0.01	0	2
scaffold_542	55833	4892989	87.64	0	1345
scaffold_543	55742	2021515	36.27	0	943
scaffold_544	55550	1838327	33.09	0	1189
scaffold_545	55444	12713243	229.30	0	4966
scaffold_546	55403	1203431	21.72	0	467
scaffold_547	55395	1749718	31.59	0	1553
scaffold_548	55384	5372761	97.01	0	1410
scaffold_549	55288	532732	9.64	0	218
scaffold_550	55258	8088922	146.38	0	5461
scaffold_551	55240	7082322	128.21	0	9102
scaffold_552	55184	5472015	99.16	0	2187
scaffold_553	55168	5042997	91.41	0	2772
scaffold_554	55084	5217339	94.72	0	1381
scaffold_555	54999	3194410	58.08	0	1668
scaffold_556	54931	2434725	44.32	0	866
scaffold_557	54922	4768817	86.83	0	1137
scaffold_558	54504	3948282	72.44	0	3709
scaffold_559	54452	3772861	69.29	0	1431
scaffold_560	54374	6448629	118.60	0	1934
scaffold_561	54365	1922617	35.36	0	4401
scaffold_562	54332	7219	0.13	0	4
scaffold_563	54314	3888872	71.60	0	728
scaffold_564	54235	8057971	148.58	0	3570
scaffold_565	54210	47735855	880.57	0	20204
scaffold_566	54157	2369103	43.75	0	1174
scaffold_567	54098	4367510	80.73	0	1427
scaffold_568	54085	8635080	159.66	0	2263
scaffold_569	54082	3933993	72.74	0	1363
scaffold_570	54065	4135200	76.49	0	4247
scaffold_571	53965	2712477	50.26	0	466
scaffold_572	53930	3275623	60.74	0	3004
scaffold_573	53892	794588	14.74	0	475
scaffold_574	53872	15759307	292.53	0	11180
scaffold_575	53830	3240340	60.20	0	2275
scaffold_576	53528	278373	5.20	0	2292
scaffold_577	53395	7088460	132.76	0	2519
scaffold_578	53327	4087334	76.65	0	1599
scaffold_579	53226	823234	15.47	0	493
scaffold_580	53122	10511066	197.87	0	6923
scaffold_581	53063	2317735	43.68	0	1970
scaffold_582	53027	3038920	57.31	0	1993
scaffold_583	53010	15310	0.29	0	18
scaffold_584	52962	5455848	103.01	0	2967
scaffold_585	52960	4050016	76.47	0	2500
scaffold_586	52580	8681726	165.11	0	7938
scaffold_587	52466	1299383	24.77	0	749
scaffold_588	52463	3402774	64.86	0	923
scaffold_589	52377	10861417	207.37	0	3680
scaffold_590	52284	1504441	28.77	0	494
scaffold_591	52267	6812749	130.35	0	2659
scaffold_592	51979	4059868	78.11	0	1986
scaffold_593	51798	2087476	40.30	0	564
scaffold_594	51632	5378375	104.17	0	3215
scaffold_595	51486	17313350	336.27	0	14261
scaffold_596	51482	1955845	37.99	0	3536
scaffold_597	51473	5004308	97.22	0	14943
scaffold_598	51453	5048969	98.13	0	2776
scaffold_599	51427	3687219	71.70	0	1342
scaffold_600	51400	1812487	35.26	0	1049
scaffold_601	51362	15240727	296.73	0	5219
scaffold_602	51356	2261744	44.04	0	573
scaffold_603	51337	1390048	27.08	0	618
scaffold_604	51287	1769598	34.50	0	1530
scaffold_605	51282	2738496	53.40	0	585
scaffold_606	51059	438236	8.58	0	497
scaffold_607	50886	20299757	398.93	0	18336
scaffold_608	50862	1192549	23.45	0	1050
scaffold_609	50830	9023141	177.52	0	16173
scaffold_610	50730	28731479	566.36	0	19536
scaffold_611	50698	1796380	35.43	0	924
scaffold_612	50695	3797412	74.91	0	1849
scaffold_613	50676	3005800	59.31	0	5774
scaffold_614	50553	2835232	56.08	0	1534
scaffold_615	50387	592475	11.76	0	331
scaffold_616	50383	7289895	144.69	0	12114
scaffold_617	50341	6062087	120.42	0	6612
scaffold_618	50276	2986490	59.40	0	5644
scaffold_619	50261	2098025	41.74	0	896
scaffold_620	50147	985863	19.66	0	411
scaffold_621	50050	1962302	39.21	0	3502
scaffold_622	49979	17609742	352.34	0	8205
scaffold_623	49873	509392	10.21	0	213
scaffold_624	49828	5647186	113.33	0	958
scaffold_625	49746	1186404	23.85	0	750
scaffold_626	49620	8553533	172.38	0	2838
scaffold_627	49448	2247232	45.45	0	1388
scaffold_628	49411	39301771	795.41	0	12269
scaffold_629	49253	654291	13.28	0	108
scaffold_630	49250	3228613	65.56	0	2483
scaffold_631	49245	2816920	57.20	0	4569
scaffold_632	49230	6172617	125.38	0	6627
scaffold_633	49221	1911067	38.83	0	487
scaffold_634	49200	2383054	48.44	0	651
scaffold_635	49070	2900159	59.10	0	5666
scaffold_636	48836	2991858	61.26	0	3777
scaffold_637	48719	4159232	85.37	0	1410
scaffold_638	48562	6529262	134.45	0	1855
scaffold_639	48371	121991	2.52	0	173
scaffold_640	48361	1573236	32.53	0	1064
scaffold_641	48234	5986122	124.11	0	2948
scaffold_642	47973	3921106	81.74	0	1678
scaffold_643	47895	1635349	34.14	0	899
scaffold_644	47768	3218370	67.38	0	3961
scaffold_645	47756	2435633	51.00	0	672
scaffold_646	47753	7203007	150.84	0	6791
scaffold_647	47671	6740037	141.39	0	4945
scaffold_648	47259	2015077	42.64	0	401
scaffold_649	47200	1565029	33.16	0	1050
scaffold_650	47150	3249354	68.92	0	1025
scaffold_651	46865	5051831	107.80	0	7509
scaffold_652	46664	4556965	97.65	0	2002
scaffold_653	46658	4144439	88.83	0	2365
scaffold_654	46474	3969256	85.41	0	3647
scaffold_655	46439	26658422	574.05	0	24317
scaffold_656	46409	4293364	92.51	0	4602
scaffold_657	46402	10291291	221.79	0	11517
scaffold_658	46399	2560756	55.19	0	1631
scaffold_659	46280	1943884	42.00	0	1024
scaffold_660	46222	1267037	27.41	0	342
scaffold_661	46175	1781451	38.58	0	689
scaffold_662	45918	4544286	98.97	0	2174
scaffold_663	45845	6307013	137.57	0	7591
scaffold_664	45832	22813418	497.76	0	43345
scaffold_665	45798	2588206	56.51	0	1869
scaffold_666	45787	3892387	85.01	0	1668
scaffold_667	45787	3336245	72.86	0	1372
scaffold_668	45482	3524424	77.49	0	1491
scaffold_669	45352	3086230	68.05	0	1453
scaffold_670	45241	1756183	38.82	0	1374
scaffold_671	45162	27532580	609.64	0	16810
scaffold_672	45085	1778182	39.44	0	3338
scaffold_673	45076	3080698	68.34	0	1208
scaffold_674	45070	2362220	52.41	0	1521
scaffold_675	44942	4612871	102.64	0	4330
scaffold_676	44906	10550	0.23	0	144
scaffold_677	44905	968347	21.56	0	455
scaffold_678	44880	3649050	81.31	0	1293
scaffold_679	44815	5696982	127.12	0	2903
scaffold_680	44768	38870889	868.27	0	4813
scaffold_681	44632	3927093	87.99	0	1666
scaffold_682	44625	6318	0.14	0	18
scaffold_683	44601	4244750	95.17	0	3312
scaffold_684	44593	3482002	78.08	0	3775
scaffold_685	44550	19129085	429.38	0	5194
scaffold_686	44543	1017887	22.85	0	400
scaffold_687	44443	3741006	84.18	0	969
scaffold_688	44410	4039915	90.97	0	4176
scaffold_689	44403	5394966	121.50	0	5935
scaffold_690	44359	4429091	99.85	0	4747
scaffold_691	44297	274277	6.19	0	161
scaffold_692	44290	6269546	141.56	0	5102
scaffold_693	44196	1616302	36.57	0	825
scaffold_694	44126	6101	0.14	0	12
scaffold_695	44124	25712	0.58	0	12
scaffold_696	44042	2739718	62.21	0	1110
scaffold_697	44024	2284877	51.90	0	704
scaffold_698	43998	2708424	61.56	0	793
scaffold_699	43929	329800	7.51	0	79
scaffold_700	43916	5759799	131.15	0	2926
scaffold_701	43859	1856108	42.32	0	1211
scaffold_702	43785	1712388	39.11	0	792
scaffold_703	43741	3093978	70.73	0	1413
scaffold_704	43732	3602930	82.39	0	1392
scaffold_705	43704	22329159	510.92	0	19585
scaffold_706	43600	5134	0.12	0	14
scaffold_707	43599	463985	10.64	0	106
scaffold_708	43519	3523297	80.96	0	1798
scaffold_709	43479	4658615	107.15	0	3337
scaffold_710	43448	1223298	28.16	0	2173
scaffold_711	43359	1150008	26.52	0	676
scaffold_712	43341	1876431	43.29	0	1091
scaffold_713	43269	4072897	94.13	0	4723
scaffold_714	43267	8050699	186.07	0	3485
scaffold_715	43150	4541188	105.24	0	3703
scaffold_716	43143	3777744	87.56	0	973
scaffold_717	43129	13846683	321.05	0	8512
scaffold_718	43087	2770	0.06	0	7
scaffold_719	43086	3010795	69.88	0	1443
scaffold_720	43047	6802063	158.01	0	14948
scaffold_721	42994	6238961	145.11	0	2528
scaffold_722	42845	2586513	60.37	0	2393
scaffold_723	42821	13783	0.32	0	23
scaffold_724	42779	5945940	138.99	0	8028
scaffold_725	42757	1981847	46.35	0	1232
scaffold_726	42719	72188	1.69	0	16
scaffold_727	42621	458066	10.75	0	101
scaffold_728	42561	2481833	58.31	0	2268
scaffold_729	42539	2797596	65.77	0	1275
scaffold_730	42461	13016660	306.56	0	7764
scaffold_731	42422	2549806	60.11	0	2712
scaffold_732	42385	6663860	157.22	0	4072
scaffold_733	42299	1303949	30.83	0	3267
scaffold_734	42236	1314522	31.12	0	183
scaffold_735	42223	2757454	65.31	0	1036
scaffold_736	42022	2001730	47.64	0	1409
scaffold_737	41991	1676048	39.91	0	794
scaffold_738	41985	3124277	74.41	0	838
scaffold_739	41985	1390437	33.12	0	815
scaffold_740	41810	13628953	325.97	0	147854
scaffold_741	41810	4680210	111.94	0	2290
scaffold_742	41774	2129371	50.97	0	2187
scaffold_743	41756	3137924	75.15	0	928
scaffold_744	41661	4294767	103.09	0	1648
scaffold_745	41524	1305258	31.43	0	522
scaffold_746	41426	23315419	562.82	0	7608
scaffold_747	41356	6286153	152.00	0	3377
scaffold_748	41164	307477	7.47	0	46
scaffold_749	40877	2201412	53.85	0	1071
scaffold_750	40869	36616793	895.96	0	79159
scaffold_751	40851	18041718	441.65	0	18505
scaffold_752	40793	2107645	51.67	0	685
scaffold_753	40713	873128	21.45	0	532
scaffold_754	40657	381347	9.38	0	94
scaffold_755	40584	1303885	32.13	0	743
scaffold_756	40571	382007	9.42	0	508
scaffold_757	40543	1354322	33.40	0	1482
scaffold_758	40473	760570	18.79	0	1262
scaffold_759	40330	2371272	58.80	0	1284
scaffold_760	40326	2108333	52.28	0	1161
scaffold_761	40298	4396452	109.10	0	2545
scaffold_762	40267	840	0.02	0	2
scaffold_763	40092	1886839	47.06	0	751
scaffold_764	40085	3513501	87.65	0	1489
scaffold_765	40007	3102110	77.54	0	1245
scaffold_766	39966	139350	3.49	0	107
scaffold_767	39890	2839078	71.17	0	1352
scaffold_768	39798	2972262	74.68	0	663
scaffold_769	39783	786294	19.76	0	534
scaffold_770	39778	2818963	70.87	0	2649
scaffold_771	39734	9498743	239.06	0	4236
scaffold_772	39733	5172909	130.19	0	2594
scaffold_773	39699	588318	14.82	0	238
scaffold_774	39251	1136425	28.95	0	130
scaffold_775	39220	3336924	85.08	0	1702
scaffold_776	39130	825990	21.11	0	897
scaffold_777	39121	2678373	68.46	0	1310
scaffold_778	39097	3796803	97.11	0	1922
scaffold_779	38978	247663	6.35	0	113
scaffold_780	38922	1091831	28.05	0	125
scaffold_781	38892	618637	15.91	0	250
scaffold_782	38747	9198080	237.39	0	8038
scaffold_783	38742	300	0.01	0	2
scaffold_784	38697	318939	8.24	0	228
scaffold_785	38679	2071427	53.55	0	828
scaffold_786	38638	2423764	62.73	0	748
scaffold_787	38600	30094902	779.66	0	10729
scaffold_788	38533	2535689	65.81	0	763
scaffold_789	38462	2534493	65.90	0	1501
scaffold_790	38454	5146469	133.83	0	6552
scaffold_791	38413	1020448	26.57	0	432
scaffold_792	38390	11360	0.30	0	17
scaffold_793	38326	6469	0.17	0	81
scaffold_794	38316	3555353	92.79	0	1238
scaffold_795	38249	661103	17.28	0	529
scaffold_796	38189	1683285	44.08	0	1103
scaffold_797	38174	114144	2.99	0	77
scaffold_798	38042	1939170	50.97	0	311
scaffold_799	38027	2649282	69.67	0	1297
scaffold_800	38017	423635	11.14	0	416
scaffold_801	38009	1532371	40.32	0	3438
scaffold_802	37968	2624993	69.14	0	3329
scaffold_803	37934	1334457	35.18	0	2396
scaffold_804	37924	1175486	31.00	0	1146
scaffold_805	37921	4626491	122.00	0	7208
scaffold_806	37911	1028271	27.12	0	529
scaffold_807	37882	1861896	49.15	0	1200
scaffold_808	37841	3323404	87.83	0	1062
scaffold_809	37772	1952350	51.69	0	846
scaffold_810	37727	1124902	29.82	0	1969
scaffold_811	37676	5385723	142.95	0	1944
scaffold_812	37664	5313476	141.08	0	2208
scaffold_813	37600	1445759	38.45	0	1207
scaffold_814	37583	1639873	43.63	0	3265
scaffold_815	37577	2656268	70.69	0	5100
scaffold_816	37559	971879	25.88	0	614
scaffold_817	37519	478329	12.75	0	334
scaffold_818	37444	3569755	95.34	0	1058
scaffold_819	37443	343837	9.18	0	835
scaffold_820	37435	1631109	43.57	0	582
scaffold_821	37309	3318576	88.95	0	1290
scaffold_822	37210	69194	1.86	0	46
scaffold_823	37183	856252	23.03	0	618
scaffold_824	37079	12671704	341.75	0	15902
scaffold_825	37038	2207668	59.61	0	4991
scaffold_826	37026	1374771	37.13	0	1234
scaffold_827	36775	4347117	118.21	0	3326
scaffold_828	36728	3867344	105.30	0	2861
scaffold_829	36653	2705158	73.80	0	1393
scaffold_830	36547	65322	1.79	0	196
scaffold_831	36351	1281527	35.25	0	1460
scaffold_832	36300	1983670	54.65	0	919
scaffold_833	36220	231044	6.38	0	794
scaffold_834	36133	442290	12.24	0	691
scaffold_835	36099	7788	0.22	0	29
scaffold_836	36081	19791657	548.53	0	7627
scaffold_837	36022	3500432	97.17	0	4722
scaffold_838	35791	280	0.01	0	2
scaffold_839	35789	4661144	130.24	0	1875
scaffold_840	35773	274	0.01	0	2
scaffold_841	35765	278078	7.78	0	214
scaffold_842	35739	437674	12.25	0	775
scaffold_843	35619	4710575	132.25	0	6565
scaffold_844	35570	6569128	184.68	0	6386
scaffold_845	35545	2304343	64.83	0	4375
scaffold_846	35462	2021327	57.00	0	1594
scaffold_847	35420	407566	11.51	0	300
scaffold_848	35419	1245178	35.16	0	428
scaffold_849	35367	7456304	210.83	0	5617
scaffold_850	35366	2323677	65.70	0	5245
scaffold_851	35343	4786638	135.43	0	5230
scaffold_852	35310	3497934	99.06	0	2718
scaffold_853	35214	580	0.02	0	2
scaffold_854	35184	201512	5.73	0	157
scaffold_855	35128	872309	24.83	0	469
scaffold_856	35094	764527	21.79	0	1410
scaffold_857	35067	20573151	586.68	0	19381
scaffold_858	35032	776459	22.16	0	632
scaffold_859	34857	2432609	69.79	0	1558
scaffold_860	34809	1363069	39.16	0	1158
scaffold_861	34771	4246338	122.12	0	7981
scaffold_862	34669	2376317	68.54	0	4364
scaffold_863	34587	2100124	60.72	0	1422
scaffold_864	34570	3190475	92.29	0	2579
scaffold_865	34559	619	0.02	0	4
scaffold_866	34497	951763	27.59	0	629
scaffold_867	34418	1695937	49.27	0	978
scaffold_868	34279	4614	0.13	0	14
scaffold_869	34081	1444887	42.40	0	1044
scaffold_870	34080	445173	13.06	0	391
scaffold_871	33986	28933	0.85	0	26
scaffold_872	33986	16605165	488.59	0	18987
scaffold_873	33966	2534	0.07	0	4
scaffold_874	33778	152	0.00	0	8
scaffold_875	33759	207270	6.14	0	101
scaffold_876	33748	1045120	30.97	0	679
scaffold_877	33531	1111782	33.16	0	947
scaffold_878	33462	823818	24.62	0	265
scaffold_879	33448	5466312	163.43	0	2969
scaffold_880	33439	5448	0.16	0	4
scaffold_881	33337	164336	4.93	0	280
scaffold_882	33320	560	0.02	0	2
scaffold_883	33238	9633	0.29	0	17
scaffold_884	33235	442	0.01	0	4
scaffold_885	33193	4095292	123.38	0	8965
scaffold_886	33074	4456	0.13	0	232
scaffold_887	33048	8308	0.25	0	38
scaffold_888	33021	237337	7.19	0	104
scaffold_889	33017	909670	27.55	0	130
scaffold_890	32933	2814043	85.45	0	1057
scaffold_891	32879	881270	26.80	0	343
scaffold_892	32873	7773	0.24	0	22
scaffold_893	32721	5417711	165.57	0	3385
scaffold_894	32712	28104074	859.14	0	61234
scaffold_895	32657	3080203	94.32	0	5412
scaffold_896	32647	673373	20.63	0	611
scaffold_897	32646	4160765	127.45	0	2787
scaffold_898	32634	57891	1.77	0	88
scaffold_899	32583	7406349	227.31	0	3198
scaffold_900	32581	416936	12.80	0	461
scaffold_901	32494	892975	27.48	0	151
scaffold_902	32466	1377729	42.44	0	2820
scaffold_903	32417	2776516	85.65	0	2470
scaffold_904	32361	2290169	70.77	0	3699
scaffold_905	32357	5752215	177.77	0	5268
scaffold_906	32122	580	0.02	0	2
scaffold_907	32106	3509171	109.30	0	1423
scaffold_908	31994	3244633	101.41	0	4316
scaffold_909	31761	252851	7.96	0	113
scaffold_910	31754	271847	8.56	0	160
scaffold_911	31726	682395	21.51	0	716
scaffold_912	31677	122333	3.86	0	129
scaffold_913	31661	6505285	205.47	0	2363
scaffold_914	31652	503429	15.91	0	253
scaffold_915	31633	8490	0.27	0	53
scaffold_916	31629	706576	22.34	0	677
scaffold_917	31567	783334	24.81	0	1242
scaffold_918	31520	4826066	153.11	0	3354
scaffold_919	31471	16192	0.51	0	22
scaffold_920	31469	2185650	69.45	0	877
scaffold_921	31423	3027607	96.35	0	5959
scaffold_922	31306	331	0.01	0	2
scaffold_923	31291	3911263	125.00	0	6304
scaffold_924	31287	3600180	115.07	0	2121
scaffold_925	31161	1837869	58.98	0	1369
scaffold_926	31134	19989109	642.03	0	8129
scaffold_927	31052	719940	23.18	0	421
scaffold_928	31049	52706	1.70	0	66
scaffold_929	31048	583894	18.81	0	268
scaffold_930	31012	1140321	36.77	0	1732
scaffold_931	30953	1826983	59.02	0	1424
scaffold_932	30940	4360927	140.95	0	6705
scaffold_933	30806	815	0.03	0	8
scaffold_934	30778	3369161	109.47	0	823
scaffold_935	30752	9388897	305.31	0	9797
scaffold_936	30746	2270726	73.85	0	3031
scaffold_937	30740	2320126	75.48	0	2464
scaffold_938	30739	1599020	52.02	0	2309
scaffold_939	30723	12945	0.42	0	158
scaffold_940	30719	5617815	182.88	0	12596
scaffold_941	30703	557404	18.15	0	1798
scaffold_942	30702	4407	0.14	0	14
scaffold_943	30582	1898407	62.08	0	3098
scaffold_944	30499	2059901	67.54	0	2231
scaffold_945	30489	689558	22.62	0	155
scaffold_946	30228	1062915	35.16	0	1427
scaffold_947	30194	3910	0.13	0	3
scaffold_948	30071	13293	0.44	0	36
scaffold_949	29916	4884921	163.29	0	3151
scaffold_950	29864	1069198	35.80	0	993
scaffold_951	29797	919616	30.86	0	785
scaffold_952	29772	1352323	45.42	0	547
scaffold_953	29753	1529801	51.42	0	855
scaffold_954	29734	3150978	105.97	0	1516
scaffold_955	29722	1995862	67.15	0	1094
scaffold_956	29597	5456583	184.36	0	2576
scaffold_957	29519	2347079	79.51	0	1098
scaffold_959	29352	2253797	76.79	0	3520
scaffold_960	29042	1744108	60.05	0	893
scaffold_961	28977	2719832	93.86	0	1427
scaffold_962	28977	5960230	205.69	0	1791
scaffold_963	28898	96511	3.34	0	144
scaffold_964	28846	692448	24.00	0	711
scaffold_965	28821	724532	25.14	0	517
scaffold_966	28690	939562	32.75	0	266
scaffold_967	28678	352982	12.31	0	264
scaffold_968	28652	2071534	72.30	0	1158
scaffold_969	28610	42828	1.50	0	78
scaffold_970	28543	1235	0.04	0	30
scaffold_971	28470	1657781	58.23	0	426
scaffold_972	28381	5993155	211.17	0	2599
scaffold_973	28338	3265	0.12	0	5
scaffold_974	28334	7456	0.26	0	10
scaffold_975	28323	1097522	38.75	0	497
scaffold_976	28301	1801625	63.66	0	1165
scaffold_977	28289	3579	0.13	0	6
scaffold_978	28273	1419309	50.20	0	757
scaffold_979	28199	1561084	55.36	0	981
scaffold_980	28190	4110	0.15	0	14
scaffold_981	28176	3375600	119.80	0	1267
scaffold_983	28072	300	0.01	0	2
scaffold_984	27948	25574	0.92	0	31
scaffold_985	27906	1029781	36.90	0	370
scaffold_986	27885	635099	22.78	0	308
scaffold_987	27832	968131	34.78	0	481
scaffold_988	27825	1540226	55.35	0	1884
scaffold_989	27801	12076	0.43	0	44
scaffold_990	27755	1972501	71.07	0	2652
scaffold_991	27679	1758484	63.53	0	4607
scaffold_992	27630	581962	21.06	0	429
scaffold_993	27615	5207650	188.58	0	4265
scaffold_994	27603	281666	10.20	0	665
scaffold_995	27583	2566653	93.05	0	5726
scaffold_996	27552	3726310	135.25	0	2822
scaffold_997	27541	5652	0.21	0	18
scaffold_998	27514	459008	16.68	0	216
scaffold_999	27513	608772	22.13	0	313
scaffold_1000	27477	1934287	70.40	0	2160
scaffold_1001	27476	713905	25.98	0	296
scaffold_1002	27363	1571545	57.43	0	943
scaffold_1003	27293	595351	21.81	0	932
scaffold_1004	27233	4615651	169.49	0	3789
scaffold_1005	27188	1363295	50.14	0	525
scaffold_1006	27164	1104391	40.66	0	1006
scaffold_1007	27138	852161	31.40	0	539
scaffold_1008	27062	2310007	85.36	0	3316
scaffold_1009	27033	1550433	57.35	0	629
scaffold_1010	26813	1369783	51.09	0	552
scaffold_1011	26769	1754801	65.55	0	1070
scaffold_1012	26746	879602	32.89	0	332
scaffold_1013	26697	5240	0.20	0	12
scaffold_1014	26684	516208	19.35	0	297
scaffold_1015	26642	1850879	69.47	0	917
scaffold_1016	26550	1185352	44.65	0	796
scaffold_1017	26519	350	0.01	0	1
scaffold_1018	26381	10992	0.42	0	39
scaffold_1019	26293	125597	4.78	0	116
scaffold_1020	26245	38598	1.47	0	384
scaffold_1021	26186	1485603	56.73	0	1141
scaffold_1022	26001	315452	12.13	0	1083
scaffold_1023	25964	3760602	144.84	0	3813
scaffold_1024	25833	16116730	623.88	0	19319
scaffold_1025	25828	1293487	50.08	0	1155
scaffold_1026	25777	1971733	76.49	0	3685
scaffold_1027	25761	826	0.03	0	4
scaffold_1028	25760	855360	33.20	0	1329
scaffold_1029	25751	210774	8.19	0	241
scaffold_1030	25579	6637	0.26	0	14
scaffold_1031	25577	1002455	39.19	0	480
scaffold_1032	25458	502048	19.72	0	757
scaffold_1033	25439	6442	0.25	0	16
scaffold_1034	25363	128834	5.08	0	31
scaffold_1035	25274	1668902	66.03	0	874
scaffold_1036	25254	888	0.04	0	8
scaffold_1037	25117	1060563	42.22	0	1932
scaffold_1038	25115	677469	26.97	0	126
scaffold_1039	24898	1888100	75.83	0	1794
scaffold_1040	24898	1703	0.07	0	6
scaffold_1041	24857	571537	22.99	0	1217
scaffold_1042	24791	5127012	206.81	0	2965
scaffold_1043	24662	4491915	182.14	0	9628
scaffold_1044	24643	3983281	161.64	0	1700
scaffold_1045	24588	921256	37.47	0	472
scaffold_1046	24545	418608	17.05	0	192
scaffold_1047	24491	2811	0.11	0	8
scaffold_1048	24442	4448362	182.00	0	3053
scaffold_1049	24339	1559	0.06	0	5
scaffold_1050	24299	2051	0.08	0	8
scaffold_1051	24240	277564	11.45	0	174
scaffold_1052	24189	1186165	49.04	0	1777
scaffold_1053	24177	5557605	229.87	0	4908
scaffold_1054	24039	2791366	116.12	0	2189
scaffold_1055	24028	1484614	61.79	0	948
scaffold_1056	23997	2700	0.11	0	12
scaffold_1057	23945	855306	35.72	0	570
scaffold_1058	23892	399	0.02	0	2
scaffold_1059	23852	1475	0.06	0	7
scaffold_1060	23848	345	0.01	0	16
scaffold_1061	23749	326890	13.76	0	231
scaffold_1062	23684	6932	0.29	0	17
scaffold_1063	23673	749525	31.66	0	605
scaffold_1064	23632	2148878	90.93	0	842
scaffold_1065	23620	723474	30.63	0	127
scaffold_1066	23617	2103528	89.07	0	954
scaffold_1067	23592	4899	0.21	0	13
scaffold_1068	23581	2220261	94.15	0	2942
scaffold_1069	23540	895	0.04	0	2
scaffold_1070	23529	349832	14.87	0	267
scaffold_1071	23408	1273647	54.41	0	381
scaffold_1072	23349	4683	0.20	0	15
scaffold_1073	23292	2334060	100.21	0	2015
scaffold_1074	23266	940555	40.43	0	342
scaffold_1075	23253	2088	0.09	0	17
scaffold_1076	23239	353725	15.22	0	250
scaffold_1077	23197	304769	13.14	0	192
scaffold_1078	23180	1534813	66.21	0	1611
scaffold_1079	23124	34489	1.49	0	40
scaffold_1080	23097	2915	0.13	0	5
scaffold_1081	23067	669586	29.03	0	917
scaffold_1082	23043	3734765	162.08	0	726
scaffold_1083	23043	2346	0.10	0	14
scaffold_1084	23035	38790	1.68	0	16
scaffold_1085	22973	860713	37.47	0	2839
scaffold_1086	22950	3118657	135.89	0	908
scaffold_1087	22910	1950	0.09	0	6
scaffold_1088	22813	1427	0.06	0	6
scaffold_1089	22775	2347728	103.08	0	1416
scaffold_1090	22712	3494	0.15	0	12
scaffold_1091	22699	2373022	104.54	0	2542
scaffold_1092	22694	60	0.00	0	1
scaffold_1093	22646	2752516	121.55	0	2750
scaffold_1094	22537	4853	0.22	0	26
scaffold_1095	22474	850	0.04	0	7
scaffold_1096	22428	1242000	55.38	0	2501
scaffold_1097	22419	4519	0.20	0	15
scaffold_1098	22400	119297	5.33	0	121
scaffold_1099	22365	739316	33.06	0	380
scaffold_1100	22355	123	0.01	0	1
scaffold_1101	22330	8653	0.39	0	27
scaffold_1102	22321	2276499	101.99	0	6825
scaffold_1103	22250	1110952	49.93	0	717
scaffold_1104	22214	1302	0.06	0	3
scaffold_1105	22200	17621	0.79	0	49
scaffold_1106	22134	7193	0.32	0	24
scaffold_1107	22133	4581	0.21	0	14
scaffold_1108	22126	176154	7.96	0	111
scaffold_1109	22111	2055256	92.95	0	1588
scaffold_1110	22106	536357	24.26	0	274
scaffold_1111	22058	6612	0.30	0	20
scaffold_1112	22021	1388	0.06	0	7
scaffold_1113	21996	11962	0.54	0	16
scaffold_1114	21957	517195	23.55	0	699
scaffold_1115	21951	21179	0.96	0	37
scaffold_1116	21784	2233042	102.51	0	2357
scaffold_1117	21769	2602534	119.55	0	4668
scaffold_1118	21768	553484	25.43	0	350
scaffold_1119	21735	1424049	65.52	0	594
scaffold_1120	21717	4224	0.19	0	6
scaffold_1121	21713	2570	0.12	0	18
scaffold_1122	21673	1957	0.09	0	9
scaffold_1123	21557	1990	0.09	0	9
scaffold_1124	21528	1028088	47.76	0	1756
scaffold_1125	21421	65218	3.04	0	191
scaffold_1126	21325	128418	6.02	0	81
scaffold_1127	21311	1643	0.08	0	5
scaffold_1128	21272	25359	1.19	0	35
scaffold_1129	21255	891524	41.94	0	686
scaffold_1130	21211	2495	0.12	0	10
scaffold_1131	21210	2000237	94.31	0	1032
scaffold_1132	21171	1962262	92.69	0	1134
scaffold_1133	21090	1132046	53.68	0	538
scaffold_1134	21003	479034	22.81	0	374
scaffold_1135	20911	2452	0.12	0	11
scaffold_1136	20869	47170	2.26	0	28
scaffold_1137	20857	21042	1.01	0	73
scaffold_1138	20840	6066	0.29	0	24
scaffold_1139	20811	2704776	129.97	0	1403
scaffold_1140	20765	559697	26.95	0	1010
scaffold_1141	20689	342975	16.58	0	141
scaffold_1142	20658	4093	0.20	0	16
scaffold_1143	20637	200216	9.70	0	142
scaffold_1144	20589	4309	0.21	0	15
scaffold_1145	20522	238573	11.63	0	292
scaffold_1146	20485	900	0.04	0	3
scaffold_1147	20476	997	0.05	0	2
scaffold_1148	20466	521	0.03	0	1
scaffold_1149	20408	6127954	300.27	0	20955
scaffold_1150	20375	21784851	1069.20	0	22485
scaffold_1151	20367	9258	0.45	0	21
scaffold_1152	20358	225412	11.07	0	283
scaffold_1153	20329	22172	1.09	0	90
scaffold_1154	20316	352821	17.37	0	264
scaffold_1155	20293	184162	9.08	0	157
scaffold_1156	20279	33186	1.64	0	14
scaffold_1157	20228	3808623	188.28	0	1435
scaffold_1158	20209	1345	0.07	0	4
scaffold_1159	20165	61867	3.07	0	101
scaffold_1160	20120	486352	24.17	0	1091
scaffold_1161	20029	3368	0.17	0	10
scaffold_1162	20005	356821	17.84	0	474
scaffold_1163	19911	1643736	82.55	0	1138
scaffold_1165	19897	6971	0.35	0	20
scaffold_1166	19849	493253	24.85	0	351
scaffold_1167	19736	6919881	350.62	0	16497
scaffold_1168	19689	244143	12.40	0	346
scaffold_1169	19678	704643	35.81	0	993
scaffold_1170	19578	7097	0.36	0	23
scaffold_1171	19541	2236614	114.46	0	1148
scaffold_1172	19516	257182	13.18	0	187
scaffold_1173	19515	130	0.01	0	1
scaffold_1174	19493	2547316	130.68	0	1467
scaffold_1175	19487	755303	38.76	0	826
scaffold_1176	19449	2911178	149.68	0	2944
scaffold_1177	19422	851074	43.82	0	357
scaffold_1178	19422	150	0.01	0	1
scaffold_1179	19421	21811	1.12	0	102
scaffold_1180	19385	1436	0.07	0	7
scaffold_1181	19306	692	0.04	0	4
scaffold_1182	19290	1147	0.06	0	3
scaffold_1183	19266	74	0.00	0	1
scaffold_1184	19240	32633	1.70	0	58
scaffold_1185	19140	12192	0.64	0	29
scaffold_1186	19118	193259	10.11	0	67
scaffold_1187	19085	576	0.03	0	18
scaffold_1188	19082	7582	0.40	0	29
scaffold_1189	19065	1872	0.10	0	11
scaffold_1190	19059	2410	0.13	0	7
scaffold_1191	19035	27100	1.42	0	53
scaffold_1192	19030	637687	33.51	0	461
scaffold_1193	19023	11822	0.62	0	39
scaffold_1194	18990	292078	15.38	0	101
scaffold_1195	18964	47163	2.49	0	33
scaffold_1196	18949	1254423	66.20	0	2168
scaffold_1197	18921	2502496	132.26	0	5754
scaffold_1198	18883	131681	6.97	0	127
scaffold_1199	18861	3316	0.18	0	11
scaffold_1200	18852	2264168	120.10	0	749
scaffold_1201	18813	873063	46.41	0	1772
scaffold_1202	18757	275711	14.70	0	289
scaffold_1203	18737	9448	0.50	0	16
scaffold_1204	18710	2318	0.12	0	6
scaffold_1205	18704	485860	25.98	0	354
scaffold_1206	18674	2580155	138.17	0	1149
scaffold_1207	18669	296	0.02	0	4
scaffold_1208	18650	1085937	58.23	0	1096
scaffold_1209	18642	4432	0.24	0	8
scaffold_1210	18630	32	0.00	0	1
scaffold_1211	18549	601739	32.44	0	599
scaffold_1212	18547	119609	6.45	0	160
scaffold_1213	18533	7442	0.40	0	24
scaffold_1214	18531	12186	0.66	0	34
scaffold_1215	18506	600	0.03	0	2
scaffold_1216	18441	1588	0.09	0	13
scaffold_1217	18414	3207	0.17	0	12
scaffold_1218	18386	2872	0.16	0	16
scaffold_1219	18381	3483	0.19	0	9
scaffold_1220	18372	28499	1.55	0	107
scaffold_1221	18335	41340	2.25	0	74
scaffold_1222	18276	1464	0.08	0	13
scaffold_1223	18254	5695	0.31	0	18
scaffold_1224	18220	213326	11.71	0	218
scaffold_1225	18186	17109	0.94	0	77
scaffold_1226	18169	6737	0.37	0	9
scaffold_1227	18142	1698	0.09	0	10
scaffold_1228	18130	160496	8.85	0	192
scaffold_1229	18048	289	0.02	0	5
scaffold_1230	18012	13629	0.76	0	18
scaffold_1231	17997	20841	1.16	0	32
scaffold_1232	17916	798	0.04	0	42
scaffold_1233	17890	68675	3.84	0	21
scaffold_1234	17839	4228	0.24	0	17
scaffold_1235	17684	296244	16.75	0	323
scaffold_1236	17661	2134	0.12	0	6
scaffold_1237	17659	3281976	185.85	0	3536
scaffold_1238	17629	3595	0.20	0	14
scaffold_1239	17594	25778	1.47	0	42
scaffold_1240	17537	19434	1.11	0	28
scaffold_1241	17525	8524	0.49	0	42
scaffold_1242	17494	18186	1.04	0	64
scaffold_1243	17480	2617	0.15	0	8
scaffold_1244	17446	159343	9.13	0	962
scaffold_1246	17378	7544	0.43	0	13
scaffold_1247	17357	60	0.00	0	1
scaffold_1248	17333	3624025	209.08	0	2205
scaffold_1249	17321	206177	11.90	0	566
scaffold_1250	17286	1623	0.09	0	18
scaffold_1251	17259	3482	0.20	0	6
scaffold_1252	17251	8838	0.51	0	32
scaffold_1253	17202	23501	1.37	0	45
scaffold_1254	17163	5674	0.33	0	16
scaffold_1255	17150	392	0.02	0	1
scaffold_1256	17125	118067	6.89	0	222
scaffold_1257	17058	5285	0.31	0	28
scaffold_1258	17043	1066	0.06	0	3
scaffold_1259	17041	1620	0.10	0	4
scaffold_1260	17005	46049	2.71	0	163
scaffold_1261	16948	2252087	132.88	0	5204
scaffold_1262	16947	18179	1.07	0	34
scaffold_1263	16836	3392	0.20	0	10
scaffold_1265	16772	96163	5.73	0	105
scaffold_1266	16755	310574	18.54	0	738
scaffold_1267	16720	521	0.03	0	2
scaffold_1268	16708	513242	30.72	0	1200
scaffold_1269	16707	407	0.02	0	11
scaffold_1270	16623	3267	0.20	0	5
scaffold_1271	16619	3402549	204.74	0	4795
scaffold_1272	16619	7502	0.45	0	29
scaffold_1274	16539	1136	0.07	0	2
scaffold_1275	16449	4508	0.27	0	24
scaffold_1276	16416	7100	0.43	0	24
scaffold_1277	16406	10316	0.63	0	30
scaffold_1278	16315	2399	0.15	0	9
scaffold_1279	16279	1113733	68.42	0	553
scaffold_1280	16272	274813	16.89	0	241
scaffold_1281	16248	4787923	294.68	0	2807
scaffold_1282	16209	12649252	780.38	0	8691
scaffold_1283	16141	2300	0.14	0	15
scaffold_1284	16025	143605	8.96	0	154
scaffold_1285	16000	895	0.06	0	2
scaffold_1286	15988	1705	0.11	0	6
scaffold_1287	15953	199974	12.54	0	314
scaffold_1288	15934	41936	2.63	0	63
scaffold_1289	15917	73664	4.63	0	27
scaffold_1290	15860	3258	0.21	0	14
scaffold_1291	15844	9007	0.57	0	18
scaffold_1292	15841	147	0.01	0	1
scaffold_1293	15838	143848	9.08	0	79
scaffold_1294	15813	3445	0.22	0	12
scaffold_1295	15798	1096	0.07	0	10
scaffold_1296	15795	57	0.00	0	1
scaffold_1297	15770	3210	0.20	0	18
scaffold_1298	15754	3192	0.20	0	14
scaffold_1299	15737	2347	0.15	0	8
scaffold_1300	15723	962510	61.22	0	471
scaffold_1301	15684	152090	9.70	0	140
scaffold_1302	15633	6711867	429.34	0	6853
scaffold_1303	15632	665031	42.54	0	846
scaffold_1304	15616	3923	0.25	0	6
scaffold_1305	15607	685173	43.90	0	1601
scaffold_1306	15589	1099	0.07	0	5
scaffold_1307	15560	1309	0.08	0	8
scaffold_1308	15559	56852	3.65	0	57
scaffold_1309	15524	853430	54.97	0	905
scaffold_1310	15510	38	0.00	0	2
scaffold_1311	15502	14540	0.94	0	31
scaffold_1312	15490	450	0.03	0	2
scaffold_1313	15486	2544	0.16	0	63
scaffold_1314	15436	15841	1.03	0	58
scaffold_1315	15386	5249	0.34	0	17
scaffold_1316	15379	896	0.06	0	2
scaffold_1317	15361	69608	4.53	0	44
scaffold_1318	15325	615	0.04	0	2
scaffold_1319	15290	1069	0.07	0	3
scaffold_1320	15252	12770	0.84	0	28
scaffold_1321	15246	127915	8.39	0	146
scaffold_1322	15234	3361	0.22	0	12
scaffold_1323	15223	13993	0.92	0	94
scaffold_1324	15221	3770	0.25	0	7
scaffold_1325	15207	385110	25.32	0	1212
scaffold_1327	15172	3998	0.26	0	11
scaffold_1328	15137	1258	0.08	0	3
scaffold_1330	15125	27238	1.80	0	89
scaffold_1332	15059	84137	5.59	0	126
scaffold_1333	15056	815	0.05	0	2
scaffold_1334	15014	3273	0.22	0	10
scaffold_1335	14997	5826	0.39	0	12
scaffold_1336	14995	4588	0.31	0	10
scaffold_1337	14978	42	0.00	0	1
scaffold_1338	14928	300	0.02	0	2
scaffold_1339	14925	3657	0.25	0	10
scaffold_1340	14911	5391	0.36	0	18
scaffold_1341	14900	1610	0.11	0	6
scaffold_1342	14898	358068	24.03	0	326
scaffold_1343	14850	834	0.06	0	4
scaffold_1344	14640	3836	0.26	0	10
scaffold_1346	14550	709	0.05	0	3
scaffold_1347	14471	377	0.03	0	2
scaffold_1348	14427	1474243	102.19	0	894
scaffold_1349	14407	13565	0.94	0	50
scaffold_1350	14403	400	0.03	0	2
scaffold_1352	14371	2976	0.21	0	4
scaffold_1354	14323	300	0.02	0	2
scaffold_1355	14322	482410	33.68	0	1148
scaffold_1356	14287	6670	0.47	0	13
scaffold_1357	14261	12633	0.89	0	31
scaffold_1358	14251	12245	0.86	0	34
scaffold_1359	14205	57080	4.02	0	183
scaffold_1360	14177	47734	3.37	0	161
scaffold_1361	14099	4244	0.30	0	15
scaffold_1362	14027	4630	0.33	0	73
scaffold_1364	13992	683	0.05	0	9
scaffold_1365	13957	64593	4.63	0	28
scaffold_1366	13929	2174	0.16	0	12
scaffold_1367	13922	3390	0.24	0	8
scaffold_1368	13912	8524	0.61	0	29
scaffold_1369	13843	32463	2.35	0	129
scaffold_1370	13827	6816	0.49	0	14
scaffold_1371	13825	2201	0.16	0	7
scaffold_1372	13823	89390	6.47	0	195
scaffold_1373	13802	1651965	119.69	0	2191
scaffold_1374	13761	300	0.02	0	2
scaffold_1375	13745	965298	70.23	0	2465
scaffold_1376	13735	1350	0.10	0	5
scaffold_1377	13720	763656	55.66	0	985
scaffold_1378	13697	1292	0.09	0	6
scaffold_1380	13652	201538	14.76	0	153
scaffold_1381	13606	10167	0.75	0	36
scaffold_1382	13601	1622	0.12	0	5
scaffold_1383	13575	164371	12.11	0	182
scaffold_1384	13572	2513	0.19	0	15
scaffold_1385	13563	1069961	78.89	0	512
scaffold_1386	13545	1898710	140.18	0	650
scaffold_1387	13529	1504	0.11	0	4
scaffold_1388	13491	192	0.01	0	10
scaffold_1389	13483	3509	0.26	0	16
scaffold_1390	13482	1501255	111.35	0	1609
scaffold_1391	13482	351	0.03	0	1
scaffold_1392	13386	1400839	104.65	0	4276
scaffold_1393	13376	900	0.07	0	6
scaffold_1394	13373	409	0.03	0	2
scaffold_1395	13355	8529	0.64	0	18
scaffold_1396	13350	474365	35.53	0	289
scaffold_1397	13348	2442	0.18	0	9
scaffold_1398	13306	893	0.07	0	5
scaffold_1399	13278	300	0.02	0	1
scaffold_1400	13229	1425654	107.77	0	1311
scaffold_1401	13208	8948	0.68	0	33
scaffold_1402	13189	2336	0.18	0	11
scaffold_1403	13179	38577	2.93	0	97
scaffold_1404	13172	714296	54.23	0	468
scaffold_1405	13161	16015	1.22	0	67
scaffold_1406	13149	3611	0.27	0	37
scaffold_1407	13127	9389	0.72	0	56
scaffold_1408	13117	1883	0.14	0	4
scaffold_1409	13110	2773	0.21	0	16
scaffold_1410	12955	1938	0.15	0	7
scaffold_1411	12943	296	0.02	0	2
scaffold_1412	12931	3226	0.25	0	8
scaffold_1413	12930	15229	1.18	0	26
scaffold_1414	12924	300	0.02	0	2
scaffold_1416	12828	858	0.07	0	6
scaffold_1417	12828	263	0.02	0	4
scaffold_1418	12758	5127	0.40	0	5
scaffold_1419	12747	2646	0.21	0	3
scaffold_1420	12682	486	0.04	0	7
scaffold_1421	12670	82944	6.55	0	111
scaffold_1422	12660	1200	0.09	0	2
scaffold_1424	12576	2415	0.19	0	6
scaffold_1425	12575	1613	0.13	0	10
scaffold_1426	12574	5884	0.47	0	13
scaffold_1427	12556	484648	38.60	0	1228
scaffold_1428	12544	540	0.04	0	2
scaffold_1429	12517	600	0.05	0	4
scaffold_1430	12501	600	0.05	0	4
scaffold_1431	12498	2518	0.20	0	16
scaffold_1432	12496	59530	4.76	0	22
scaffold_1433	12494	538	0.04	0	3
scaffold_1434	12489	5468	0.44	0	19
scaffold_1435	12469	62712	5.03	0	41
scaffold_1436	12441	570	0.05	0	6
scaffold_1437	12433	9388	0.76	0	14
scaffold_1438	12386	427	0.03	0	3
scaffold_1439	12382	997226	80.54	0	1022
scaffold_1440	12363	300	0.02	0	1
scaffold_1441	12343	424	0.03	0	3
scaffold_1442	12307	5560	0.45	0	20
scaffold_1443	12210	51833	4.25	0	184
scaffold_1444	12207	7267	0.60	0	16
scaffold_1445	12192	37444	3.07	0	190
scaffold_1446	12169	1800599	147.97	0	1120
scaffold_1447	12159	2726	0.22	0	20
scaffold_1448	12146	97	0.01	0	1
scaffold_1449	12134	300	0.02	0	1
scaffold_1451	12127	2537	0.21	0	8
scaffold_1452	12124	1698	0.14	0	14
scaffold_1453	12070	1401	0.12	0	11
scaffold_1454	12047	3663	0.30	0	12
scaffold_1455	12024	60076	5.00	0	187
scaffold_1456	12023	150	0.01	0	1
scaffold_1457	12016	19730	1.64	0	27
scaffold_1458	12007	2555	0.21	0	14
scaffold_1460	11998	136366	11.37	0	1017
scaffold_1461	11995	2780	0.23	0	16
scaffold_1462	11974	98889	8.26	0	228
scaffold_1463	11967	1134	0.09	0	8
scaffold_1464	11953	50889	4.26	0	204
scaffold_1465	11917	10441	0.88	0	50
scaffold_1466	11888	300	0.03	0	2
scaffold_1467	11887	373375	31.41	0	760
scaffold_1468	11869	5904	0.50	0	20
scaffold_1469	11847	1037	0.09	0	4
scaffold_1470	11804	2269	0.19	0	4
scaffold_1472	11737	4051	0.35	0	10
scaffold_1473	11725	2463	0.21	0	7
scaffold_1474	11689	297624	25.46	0	950
scaffold_1475	11661	14023	1.20	0	32
scaffold_1477	11650	1805	0.15	0	10
scaffold_1479	11624	434858	37.41	0	584
scaffold_1480	11603	4636	0.40	0	12
scaffold_1481	11601	3358	0.29	0	14
scaffold_1482	11594	935	0.08	0	3
scaffold_1483	11552	2989	0.26	0	8
scaffold_1484	11472	4913	0.43	0	14
scaffold_1485	11410	300	0.03	0	2
scaffold_1486	11400	300	0.03	0	1
scaffold_1487	11381	753	0.07	0	6
scaffold_1488	11369	300	0.03	0	2
scaffold_1489	11368	1334	0.12	0	6
scaffold_1490	11367	300	0.03	0	1
scaffold_1491	11302	3026	0.27	0	11
scaffold_1492	11266	1151	0.10	0	4
scaffold_1493	11259	4444	0.39	0	10
scaffold_1494	11229	497015	44.26	0	412
scaffold_1495	11206	59048	5.27	0	32
scaffold_1496	11116	47637	4.29	0	22
scaffold_1497	11111	941	0.08	0	2
scaffold_1498	11109	300	0.03	0	2
scaffold_1499	11096	3300	0.30	0	12
scaffold_1500	11083	52	0.00	0	1
scaffold_1502	11061	2528	0.23	0	9
scaffold_1503	11053	8913	0.81	0	23
scaffold_1504	11036	4389	0.40	0	8
scaffold_1508	10939	1994	0.18	0	8
scaffold_1509	10932	3504	0.32	0	14
scaffold_1510	10882	1131	0.10	0	3
scaffold_1511	10825	4289	0.40	0	6
scaffold_1512	10813	200	0.02	0	2
scaffold_1513	10788	1167	0.11	0	3
scaffold_1514	10783	525	0.05	0	2
scaffold_1515	10752	150	0.01	0	1
scaffold_1516	10723	6044	0.56	0	29
scaffold_1517	10714	300	0.03	0	2
scaffold_1518	10684	188402	17.63	0	348
scaffold_1519	10678	4183	0.39	0	16
scaffold_1520	10663	1581	0.15	0	9
scaffold_1521	10662	615	0.06	0	2
scaffold_1522	10647	1569	0.15	0	5
scaffold_1523	10568	419	0.04	0	4
scaffold_1524	10554	8871	0.84	0	42
scaffold_1525	10537	7998	0.76	0	40
scaffold_1526	10534	1311330	124.49	0	849
scaffold_1527	10510	18788	1.79	0	76
scaffold_1528	10462	196865	18.82	0	128
scaffold_1529	10461	185499	17.73	0	265
scaffold_1531	10397	2992	0.29	0	10
scaffold_1532	10379	734845	70.80	0	313
scaffold_1533	10360	777	0.07	0	3
scaffold_1534	10336	1203	0.12	0	16
scaffold_1535	10336	464	0.04	0	2
scaffold_1537	10286	8465	0.82	0	25
scaffold_1538	10201	3241	0.32	0	12
scaffold_1539	10195	1015	0.10	0	6
scaffold_1540	10171	3299	0.32	0	12
scaffold_1541	10151	7705	0.76	0	26
scaffold_1542	10130	1500	0.15	0	4
scaffold_1543	10118	4157	0.41	0	14
scaffold_1544	10094	1286	0.13	0	9
scaffold_1545	10051	759	0.08	0	6
scaffold_1547	10014	5307	0.53	0	22
scaffold_1548	9977	6804	0.68	0	19
scaffold_1549	9958	66523	6.68	0	239
scaffold_1550	9949	124	0.01	0	1
scaffold_1551	9937	1058	0.11	0	3
scaffold_1552	9912	3600	0.36	0	11
scaffold_1554	9850	1136	0.12	0	5
scaffold_1555	9836	33108	3.37	0	58
scaffold_1556	9749	1080336	110.82	0	888
scaffold_1557	9748	1454	0.15	0	7
scaffold_1558	9730	221817	22.80	0	305
scaffold_1559	9688	45016	4.65	0	36
scaffold_1560	9685	67267	6.95	0	114
scaffold_1561	9677	52138	5.39	0	22
scaffold_1562	9670	590	0.06	0	8
scaffold_1563	9661	355	0.04	0	2
scaffold_1564	9610	1491	0.16	0	5
scaffold_1565	9569	6409	0.67	0	15
scaffold_1566	9544	136	0.01	0	2
scaffold_1567	9522	252	0.03	0	2
scaffold_1568	9501	4476	0.47	0	18
scaffold_1569	9496	4809	0.51	0	9
scaffold_1570	9449	993	0.11	0	6
scaffold_1571	9420	6190	0.66	0	26
scaffold_1572	9402	2860	0.30	0	8
scaffold_1573	9401	362088	38.52	0	655
scaffold_1574	9376	538	0.06	0	4
scaffold_1575	9356	2019	0.22	0	4
scaffold_1576	9341	468	0.05	0	3
scaffold_1577	9314	14779	1.59	0	27
scaffold_1578	9278	145051	15.63	0	115
scaffold_1579	9270	9323	1.01	0	33
scaffold_1580	9173	2487	0.27	0	9
scaffold_1581	9144	1807	0.20	0	9
scaffold_1582	9135	1624	0.18	0	4
scaffold_1584	9019	600	0.07	0	4
scaffold_1585	8935	2169	0.24	0	6
scaffold_1586	8904	800	0.09	0	2
scaffold_1587	8872	231	0.03	0	2
scaffold_1589	8864	91	0.01	0	1
scaffold_1590	8820	403	0.05	0	1
scaffold_1592	8785	8376	0.95	0	13
scaffold_1593	8785	3666	0.42	0	10
scaffold_1594	8778	816629	93.03	0	308
scaffold_1595	8762	1222	0.14	0	4
scaffold_1596	8745	1845	0.21	0	5
scaffold_1597	8687	7809	0.90	0	18
scaffold_1598	8687	150	0.02	0	1
scaffold_1600	8676	285	0.03	0	7
scaffold_1601	8673	680	0.08	0	4
scaffold_1602	8598	10989	1.28	0	35
scaffold_1603	8540	766	0.09	0	3
scaffold_1605	8536	2320	0.27	0	10
scaffold_1606	8533	1625	0.19	0	5
scaffold_1607	8529	22250	2.61	0	74
scaffold_1608	8522	4138	0.49	0	11
scaffold_1609	8520	455	0.05	0	2
scaffold_1610	8504	82	0.01	0	1
scaffold_1611	8433	4444	0.53	0	9
scaffold_1612	8428	2377	0.28	0	6
scaffold_1613	8420	586	0.07	0	2
scaffold_1615	8362	272168	32.55	0	345
scaffold_1616	8328	4116	0.49	0	17
scaffold_1617	8327	5564	0.67	0	11
scaffold_1619	8212	1725	0.21	0	6
scaffold_1620	8197	1889	0.23	0	7
scaffold_1621	8189	2760	0.34	0	14
scaffold_1622	8117	2128	0.26	0	7
scaffold_1623	8056	2439	0.30	0	7
scaffold_1624	7952	11994	1.51	0	35
scaffold_1625	7840	3062	0.39	0	15
scaffold_1626	7831	204	0.03	0	1
scaffold_1627	7686	3157	0.41	0	19
scaffold_1628	7681	150	0.02	0	1
scaffold_1629	7634	2880	0.38	0	8
scaffold_1631	7623	252	0.03	0	2
scaffold_1632	7414	1758	0.24	0	5
scaffold_1633	7355	2331	0.32	0	5
scaffold_1635	7198	1034	0.14	0	5
scaffold_1636	7193	287	0.04	0	5
scaffold_1637	6989	2384	0.34	0	5
scaffold_1638	6962	588	0.08	0	4
scaffold_1639	6642	3956	0.60	0	18
scaffold_1641	6339	357	0.06	0	2
scaffold_1643	6284	491	0.08	0	3
scaffold_1644	6162	865	0.14	0	3
scaffold_1645	6116	1425	0.23	0	10
scaffold_1647	5997	51941	8.66	0	68
scaffold_1648	5852	1151	0.20	0	8
scaffold_1649	5662	3651	0.64	0	13
scaffold_1650	5528	521	0.09	0	3
scaffold_1651	5502	363	0.07	0	2
scaffold_1652	5210	101	0.02	0	1
scaffold_1654	5162	1261	0.24	0	6
scaffold_1655	5120	19937	3.89	0	44
scaffold_1657	4539	9271	2.04	0	20
scaffold_1659	4079	291222	71.40	0	296
scaffold_1661	3607	210	0.06	0	10
scaffold_1662	3491	32571	9.33	0	46
total	76535289	8332024286	108.87	0	604949
