chrom	length	bases	mean	min	max
scaffold_1	178727	16896335	94.54	0	10034
scaffold_2	169477	23539011	138.89	0	5638
scaffold_3	164936	1450234	8.79	0	473
scaffold_4	162459	10841667	66.73	0	2851
scaffold_5	157566	5607681	35.59	0	819
scaffold_6	157331	14188472	90.18	0	6965
scaffold_7	156811	15695790	100.09	0	6389
scaffold_8	149558	13660195	91.34	0	1404
scaffold_9	146551	12280387	83.80	0	6608
scaffold_10	136491	3340259	24.47	0	861
scaffold_11	136349	13842852	101.53	0	13905
scaffold_12	134972	44722365	331.35	0	10370
scaffold_13	134093	18801923	140.22	0	13930
scaffold_14	132655	7515121	56.65	0	1850
scaffold_15	129522	7987243	61.67	0	6511
scaffold_16	128778	16587610	128.81	0	14890
scaffold_17	125222	21054898	168.14	0	7721
scaffold_18	125118	22956206	183.48	0	15438
scaffold_19	124594	10184272	81.74	0	6185
scaffold_20	124362	9569140	76.95	0	5198
scaffold_21	119289	13632134	114.28	0	6570
scaffold_22	118100	29244662	247.63	0	18744
scaffold_23	118027	34640147	293.49	0	14594
scaffold_24	116362	16197660	139.20	0	7680
scaffold_25	116313	11490651	98.79	0	1781
scaffold_26	115949	12251900	105.67	0	2613
scaffold_27	115264	12636406	109.63	0	4232
scaffold_28	115146	12565444	109.13	0	4659
scaffold_29	114987	11713715	101.87	0	7461
scaffold_30	114482	18450269	161.16	0	11445
scaffold_31	113794	36513297	320.87	0	28377
scaffold_32	111164	12156137	109.35	0	8389
scaffold_33	111132	8601908	77.40	0	1722
scaffold_34	110970	2073734	18.69	0	895
scaffold_35	110698	10334185	93.35	0	4392
scaffold_36	109872	11120577	101.21	0	12664
scaffold_37	109719	6543553	59.64	0	836
scaffold_38	109579	11316622	103.27	0	7431
scaffold_39	109437	5575260	50.94	0	1747
scaffold_40	109435	7774416	71.04	0	3212
scaffold_41	108938	27055559	248.36	0	18762
scaffold_42	107748	17906053	166.18	0	31997
scaffold_43	107727	10639365	98.76	0	3543
scaffold_44	107046	21532476	201.15	0	14979
scaffold_45	106984	9611075	89.84	0	8510
scaffold_46	106580	17814614	167.15	0	27036
scaffold_47	106121	3024232	28.50	0	1128
scaffold_48	105510	20318920	192.58	0	16921
scaffold_49	105335	23496461	223.06	0	10170
scaffold_50	104632	27138049	259.37	0	18189
scaffold_51	104631	10663280	101.91	0	2041
scaffold_52	104328	6088478	58.36	0	1614
scaffold_53	104243	6117681	58.69	0	3873
scaffold_54	104173	6311630	60.59	0	2916
scaffold_55	103520	14474214	139.82	0	10507
scaffold_56	103126	27989143	271.41	0	12149
scaffold_57	102640	21346714	207.98	0	7488
scaffold_58	101939	17758103	174.20	0	9951
scaffold_59	101898	4339017	42.58	0	2397
scaffold_60	101408	24818490	244.74	0	13625
scaffold_61	99494	4715361	47.39	0	2708
scaffold_62	99360	15875848	159.78	0	12202
scaffold_63	99296	8437446	84.97	0	1711
scaffold_64	99286	24634668	248.12	0	19940
scaffold_65	99095	17388050	175.47	0	9816
scaffold_66	98790	20749348	210.03	0	26312
scaffold_67	98710	25285552	256.16	0	11477
scaffold_68	98512	8771970	89.04	0	1563
scaffold_69	98104	16656493	169.78	0	12781
scaffold_70	97697	10553670	108.02	0	1571
scaffold_71	96704	10643459	110.06	0	4156
scaffold_72	96643	7552875	78.15	0	2181
scaffold_73	96639	8357748	86.48	0	6148
scaffold_74	96618	16931789	175.24	0	14713
scaffold_75	95962	9508595	99.09	0	2284
scaffold_76	95848	7170694	74.81	0	1436
scaffold_77	95658	33900802	354.40	0	29722
scaffold_78	95495	7725601	80.90	0	5333
scaffold_79	94940	16125332	169.85	0	9398
scaffold_80	94715	7753014	81.86	0	2333
scaffold_81	93324	5076986	54.40	0	1449
scaffold_82	92823	4367508	47.05	0	1156
scaffold_83	92369	10308506	111.60	0	2287
scaffold_84	92282	5988653	64.90	0	1883
scaffold_85	92262	10198687	110.54	0	9477
scaffold_86	91483	10830755	118.39	0	10109
scaffold_87	91423	21369080	233.74	0	31339
scaffold_88	91407	3099665	33.91	0	832
scaffold_89	91238	16363459	179.35	0	10486
scaffold_90	90926	7413898	81.54	0	1798
scaffold_91	90787	7603142	83.75	0	8159
scaffold_92	90656	10979659	121.11	0	2884
scaffold_93	90513	24677060	272.64	0	29219
scaffold_94	89973	4159595	46.23	0	4682
scaffold_95	89866	7319618	81.45	0	2907
scaffold_96	89439	9635642	107.73	0	2501
scaffold_97	89397	3555465	39.77	0	6175
scaffold_98	89088	376813	4.23	0	342
scaffold_99	89013	16040282	180.20	0	11025
scaffold_100	88659	5018885	56.61	0	2380
scaffold_101	88114	7685606	87.22	0	3889
scaffold_102	88104	15365759	174.40	0	14926
scaffold_103	88081	10204020	115.85	0	15716
scaffold_104	87913	7090148	80.65	0	1271
scaffold_105	87383	15549394	177.95	0	7294
scaffold_106	87341	3127608	35.81	0	2021
scaffold_107	87115	10636145	122.09	0	4519
scaffold_108	86973	12724379	146.30	0	3842
scaffold_109	85968	5383967	62.63	0	1799
scaffold_110	85519	5319851	62.21	0	2310
scaffold_111	85166	24429823	286.85	0	6776
scaffold_112	85047	3988578	46.90	0	1979
scaffold_113	84910	3854933	45.40	0	1597
scaffold_114	84843	4865050	57.34	0	1446
scaffold_115	84795	8118600	95.74	0	1824
scaffold_116	84775	6942339	81.89	0	4381
scaffold_117	84425	5773777	68.39	0	1712
scaffold_118	84243	13993552	166.11	0	6545
scaffold_119	83908	8930368	106.43	0	2640
scaffold_120	83741	13357693	159.51	0	16761
scaffold_121	83238	12299332	147.76	0	1637
scaffold_122	83173	13954577	167.78	0	6123
scaffold_123	83031	12564620	151.32	0	1474
scaffold_124	82678	7663415	92.69	0	3766
scaffold_125	82197	6471173	78.73	0	11715
scaffold_126	82177	5629273	68.50	0	965
scaffold_127	81964	15738025	192.01	0	21462
scaffold_128	81932	6462319	78.87	0	2113
scaffold_129	81926	5931116	72.40	0	2389
scaffold_130	81846	4109732	50.21	0	1450
scaffold_131	81716	5019222	61.42	0	1292
scaffold_132	81055	10631154	131.16	0	4909
scaffold_133	80847	3822797	47.28	0	5245
scaffold_134	80465	2443457	30.37	0	659
scaffold_135	80373	338559	4.21	0	224
scaffold_136	80355	6385578	79.47	0	1187
scaffold_137	80336	14292409	177.91	0	21382
scaffold_138	80291	1785812	22.24	0	988
scaffold_139	79729	15071267	189.03	0	12078
scaffold_140	79425	29302096	368.93	0	22426
scaffold_141	79292	11098388	139.97	0	14563
scaffold_142	79179	2164669	27.34	0	698
scaffold_143	79075	10195262	128.93	0	11725
scaffold_144	78938	7207062	91.30	0	3108
scaffold_145	78717	6918944	87.90	0	4062
scaffold_146	78579	5835531	74.26	0	3822
scaffold_147	78324	12892836	164.61	0	4430
scaffold_148	78169	4877898	62.40	0	4724
scaffold_149	77807	9270948	119.15	0	5976
scaffold_150	77628	2723987	35.09	0	1868
scaffold_151	77493	5268907	67.99	0	1916
scaffold_152	77221	9535123	123.48	0	2207
scaffold_153	77170	11079744	143.58	0	7082
scaffold_154	77152	8733514	113.20	0	3618
scaffold_155	77004	1913763	24.85	0	1289
scaffold_156	76925	16131789	209.71	0	21344
scaffold_157	76647	20047365	261.55	0	4414
scaffold_158	76623	1749698	22.84	0	536
scaffold_159	76496	710334	9.29	0	225
scaffold_160	76441	16846826	220.39	0	17106
scaffold_161	76340	13597271	178.11	0	17604
scaffold_162	75928	4191143	55.20	0	1393
scaffold_163	75475	7676543	101.71	0	5024
scaffold_164	75324	3399959	45.14	0	714
scaffold_165	75116	9956075	132.54	0	4393
scaffold_166	75106	961115	12.80	0	659
scaffold_167	74858	9583587	128.02	0	10730
scaffold_168	74745	2426370	32.46	0	1765
scaffold_169	74386	16809603	225.98	0	8107
scaffold_170	74278	13881430	186.88	0	12790
scaffold_171	74221	4178325	56.30	0	8544
scaffold_172	74130	8060658	108.74	0	1587
scaffold_173	74088	550102	7.42	0	113
scaffold_174	74082	3999288	53.98	0	1169
scaffold_175	74005	3205922	43.32	0	568
scaffold_176	74003	5872216	79.35	0	1269
scaffold_177	73901	12001003	162.39	0	10798
scaffold_178	73760	11286849	153.02	0	4757
scaffold_179	73742	85242	1.16	0	22
scaffold_180	73498	1653399	22.50	0	673
scaffold_181	73193	8183244	111.80	0	3602
scaffold_182	72975	1255363	17.20	0	392
scaffold_183	72864	4288477	58.86	0	2168
scaffold_184	72784	6884193	94.58	0	4487
scaffold_185	72675	5974793	82.21	0	1576
scaffold_186	72553	8337595	114.92	0	5345
scaffold_187	72431	12243633	169.04	0	3483
scaffold_188	72305	22719860	314.22	0	16611
scaffold_189	72286	8069180	111.63	0	2485
scaffold_190	72127	4237301	58.75	0	1617
scaffold_191	72088	14040419	194.77	0	14707
scaffold_192	71914	13330086	185.36	0	8517
scaffold_193	71686	4694544	65.49	0	8013
scaffold_194	71466	4523234	63.29	0	6663
scaffold_195	71305	20837236	292.23	0	35963
scaffold_196	71288	3721028	52.20	0	1117
scaffold_197	71191	8768787	123.17	0	3112
scaffold_198	71134	5025801	70.65	0	4500
scaffold_199	70917	8489072	119.70	0	16310
scaffold_200	70828	19598992	276.71	0	14748
scaffold_201	70730	6436858	91.01	0	6824
scaffold_202	70717	7234932	102.31	0	8674
scaffold_203	70581	5103569	72.31	0	3345
scaffold_204	70553	3983415	56.46	0	1116
scaffold_205	70458	3838078	54.47	0	596
scaffold_206	70299	9455011	134.50	0	8274
scaffold_207	70157	2450266	34.93	0	1232
scaffold_208	70084	5199293	74.19	0	6238
scaffold_209	69785	3443690	49.35	0	1005
scaffold_210	69495	13639249	196.26	0	8180
scaffold_211	69443	315700	4.55	0	237
scaffold_212	68966	3813645	55.30	0	1315
scaffold_213	68921	5660787	82.13	0	1856
scaffold_214	68829	2756859	40.05	0	1141
scaffold_215	68273	6252538	91.58	0	1126
scaffold_216	68003	5724189	84.18	0	3321
scaffold_217	67890	6025722	88.76	0	3177
scaffold_218	67693	10036425	148.26	0	6483
scaffold_219	67540	2391690	35.41	0	1000
scaffold_220	67484	7093802	105.12	0	1786
scaffold_221	67190	11712310	174.32	0	27921
scaffold_222	67151	13749713	204.76	0	6117
scaffold_223	67035	6874709	102.55	0	1728
scaffold_224	66702	2243901	33.64	0	1664
scaffold_225	66527	365671	5.50	0	155
scaffold_226	66199	6358289	96.05	0	6342
scaffold_227	66024	5204835	78.83	0	1771
scaffold_228	65959	1827151	27.70	0	307
scaffold_229	65867	13295430	201.85	0	13491
scaffold_230	65831	3944971	59.93	0	825
scaffold_231	65784	2949768	44.84	0	918
scaffold_232	65697	2422897	36.88	0	540
scaffold_233	65457	6317490	96.51	0	4059
scaffold_234	65385	3361801	51.42	0	4962
scaffold_235	65354	3678178	56.28	0	1452
scaffold_236	65249	2725712	41.77	0	874
scaffold_237	65219	2346032	35.97	0	889
scaffold_238	65011	216903	3.34	0	87
scaffold_239	64986	10435013	160.57	0	9602
scaffold_240	64801	11372059	175.49	0	15570
scaffold_241	64762	7918861	122.28	0	8766
scaffold_242	64633	15586147	241.15	0	14341
scaffold_243	64625	7282037	112.68	0	5594
scaffold_244	64590	14363210	222.38	0	8391
scaffold_245	64453	4567535	70.87	0	758
scaffold_246	64150	2484104	38.72	0	1545
scaffold_247	64095	11913490	185.87	0	12014
scaffold_248	63966	5595580	87.48	0	4085
scaffold_249	63624	4140091	65.07	0	2665
scaffold_250	63438	2603010	41.03	0	738
scaffold_251	63260	24235027	383.10	0	23228
scaffold_252	63220	6488531	102.63	0	9846
scaffold_253	62994	16270733	258.29	0	14923
scaffold_254	62923	5962992	94.77	0	3217
scaffold_255	62867	4985971	79.31	0	1242
scaffold_256	62854	3909075	62.19	0	2405
scaffold_257	62804	8562861	136.34	0	12420
scaffold_258	62755	2832843	45.14	0	1713
scaffold_259	62647	3485402	55.64	0	642
scaffold_260	62564	7425053	118.68	0	11691
scaffold_261	62446	9796908	156.89	0	14537
scaffold_262	62329	2382940	38.23	0	1249
scaffold_263	62236	9939603	159.71	0	7472
scaffold_264	62185	15869070	255.19	0	18640
scaffold_265	62000	5172067	83.42	0	1028
scaffold_266	61875	5684660	91.87	0	2188
scaffold_267	61794	1958906	31.70	0	399
scaffold_268	61726	8055238	130.50	0	6704
scaffold_269	61705	698	0.01	0	2
scaffold_270	61525	5833604	94.82	0	1098
scaffold_271	61476	2021684	32.89	0	500
scaffold_272	61277	2810255	45.86	0	1486
scaffold_273	61240	18260926	298.19	0	13694
scaffold_274	60859	10457757	171.84	0	6306
scaffold_275	60803	4534643	74.58	0	1037
scaffold_276	60774	3218247	52.95	0	5558
scaffold_277	60753	6830861	112.44	0	14180
scaffold_278	60730	7155551	117.83	0	4665
scaffold_279	60716	667095	10.99	0	627
scaffold_280	60688	3457157	56.97	0	1327
scaffold_281	60670	6294973	103.76	0	2378
scaffold_282	60640	10137012	167.17	0	16777
scaffold_283	60617	2480412	40.92	0	2794
scaffold_284	60503	8887715	146.90	0	3800
scaffold_285	60427	19487342	322.49	0	17769
scaffold_286	60400	4883537	80.85	0	2392
scaffold_287	60369	10618610	175.90	0	2883
scaffold_288	60303	2985583	49.51	0	638
scaffold_289	60266	3737735	62.02	0	3485
scaffold_290	60200	2727087	45.30	0	702
scaffold_291	60030	21429	0.36	0	62
scaffold_292	60018	3985262	66.40	0	6291
scaffold_293	59836	5401335	90.27	0	3898
scaffold_294	59774	4213322	70.49	0	2682
scaffold_295	59600	8338577	139.91	0	2221
scaffold_296	59383	2945768	49.61	0	5838
scaffold_297	59314	4679162	78.89	0	2887
scaffold_298	59306	386327	6.51	0	168
scaffold_299	59246	7688370	129.77	0	1800
scaffold_300	59168	3622749	61.23	0	1409
scaffold_301	59122	640	0.01	0	14
scaffold_302	58810	8886668	151.11	0	3471
scaffold_303	58624	7986844	136.24	0	2464
scaffold_304	58158	11993099	206.22	0	32955
scaffold_305	58058	7097654	122.25	0	17148
scaffold_306	57912	1658929	28.65	0	1619
scaffold_307	57876	1936412	33.46	0	668
scaffold_308	57870	2245625	38.80	0	747
scaffold_309	57741	1473237	25.51	0	273
scaffold_310	57732	3625464	62.80	0	1200
scaffold_311	57490	1847	0.03	0	7
scaffold_312	57411	1478458	25.75	0	561
scaffold_313	57380	14360060	250.26	0	19685
scaffold_314	57304	16825380	293.62	0	14002
scaffold_315	57249	3403405	59.45	0	1830
scaffold_316	57178	8908713	155.81	0	16807
scaffold_317	57165	2914189	50.98	0	640
scaffold_318	57115	1279209	22.40	0	710
scaffold_319	56857	8028114	141.20	0	3993
scaffold_320	56797	4002819	70.48	0	706
scaffold_321	56769	12421134	218.80	0	13604
scaffold_322	56708	2303517	40.62	0	953
scaffold_323	56541	4609003	81.52	0	3296
scaffold_324	56403	2770674	49.12	0	3274
scaffold_325	56395	6582434	116.72	0	5218
scaffold_326	56248	9196413	163.50	0	8760
scaffold_327	56147	3711850	66.11	0	2816
scaffold_328	55819	5039804	90.29	0	4278
scaffold_329	55727	3562964	63.94	0	948
scaffold_330	55691	3181436	57.13	0	3950
scaffold_331	55685	2173597	39.03	0	514
scaffold_332	55584	4889013	87.96	0	1655
scaffold_333	55583	30845019	554.94	0	11801
scaffold_334	55583	4184479	75.28	0	5594
scaffold_335	55560	2914685	52.46	0	1915
scaffold_336	55546	3717266	66.92	0	1263
scaffold_337	55297	2118941	38.32	0	641
scaffold_338	55184	4629337	83.89	0	1432
scaffold_339	54953	20926354	380.80	0	10910
scaffold_340	54897	6467934	117.82	0	4197
scaffold_341	54881	2167837	39.50	0	1202
scaffold_342	54731	61873968	1130.51	0	89407
scaffold_343	54562	8029282	147.16	0	15872
scaffold_344	54380	2454753	45.14	0	1493
scaffold_345	54321	582846	10.73	0	102
scaffold_346	54258	2271634	41.87	0	1216
scaffold_347	54207	6053308	111.67	0	5749
scaffold_348	54198	12718922	234.68	0	7624
scaffold_349	54085	781684	14.45	0	1296
scaffold_350	53882	6275192	116.46	0	3579
scaffold_351	53879	4854775	90.11	0	893
scaffold_352	53762	7780465	144.72	0	5243
scaffold_353	53728	1365474	25.41	0	882
scaffold_354	53642	7744448	144.37	0	3727
scaffold_355	53523	3779036	70.61	0	1679
scaffold_356	53388	60427	1.13	0	54
scaffold_357	53384	6588625	123.42	0	12151
scaffold_358	53361	6596283	123.62	0	5624
scaffold_359	53276	3046033	57.17	0	1267
scaffold_360	53144	5980848	112.54	0	1547
scaffold_361	53120	1941631	36.55	0	520
scaffold_362	53114	4177891	78.66	0	3438
scaffold_363	52993	2902777	54.78	0	1079
scaffold_364	52896	87968	1.66	0	50
scaffold_365	52787	7683629	145.56	0	5386
scaffold_366	52731	380985	7.23	0	140
scaffold_367	52493	7662812	145.98	0	5679
scaffold_368	52444	4800676	91.54	0	2393
scaffold_369	52383	1921095	36.67	0	1488
scaffold_370	52360	3111238	59.42	0	1412
scaffold_371	52331	988734	18.89	0	397
scaffold_372	52250	2332429	44.64	0	900
scaffold_373	52240	12768103	244.41	0	16733
scaffold_374	52208	1017	0.02	0	2
scaffold_375	52118	5789438	111.08	0	5853
scaffold_376	52062	3662260	70.34	0	1798
scaffold_377	52021	3109507	59.77	0	4908
scaffold_378	51791	26094	0.50	0	12
scaffold_379	51725	2769477	53.54	0	2947
scaffold_380	51700	371093	7.18	0	239
scaffold_381	51675	37562095	726.89	0	78311
scaffold_382	51618	3780394	73.24	0	1066
scaffold_383	51609	171760	3.33	0	231
scaffold_384	51501	7545461	146.51	0	12996
scaffold_385	51474	1861919	36.17	0	745
scaffold_386	51450	10860599	211.09	0	14261
scaffold_387	51155	5112498	99.94	0	3346
scaffold_388	51082	8578439	167.93	0	3640
scaffold_389	51045	543756	10.65	0	1074
scaffold_390	51020	6792638	133.14	0	3947
scaffold_391	50993	1622280	31.81	0	541
scaffold_392	50985	13184832	258.60	0	5626
scaffold_393	50949	14534959	285.28	0	14512
scaffold_394	50921	2150851	42.24	0	1623
scaffold_395	50902	10173595	199.87	0	18875
scaffold_396	50777	1565020	30.82	0	806
scaffold_397	50759	9363534	184.47	0	6976
scaffold_398	50638	557529	11.01	0	411
scaffold_399	50604	8701380	171.95	0	12385
scaffold_400	50499	2129856	42.18	0	343
scaffold_401	50481	2344252	46.44	0	7351
scaffold_402	50393	3804421	75.50	0	1898
scaffold_403	50355	594	0.01	0	2
scaffold_404	50313	9539481	189.60	0	10361
scaffold_405	50296	1232047	24.50	0	635
scaffold_406	50209	1097045	21.85	0	229
scaffold_407	49995	5771880	115.45	0	2890
scaffold_408	49992	174805	3.50	0	188
scaffold_409	49890	1906220	38.21	0	1126
scaffold_410	49836	3725877	74.76	0	933
scaffold_411	49534	60206	1.22	0	79
scaffold_412	49530	3831194	77.35	0	1905
scaffold_413	49497	1382027	27.92	0	757
scaffold_414	49490	2229752	45.05	0	1049
scaffold_415	49455	5644115	114.13	0	2387
scaffold_416	49380	2962254	59.99	0	1399
scaffold_417	49275	5427508	110.15	0	7797
scaffold_418	49059	4752716	96.88	0	3043
scaffold_419	49052	6983729	142.37	0	2158
scaffold_420	48930	129654	2.65	0	43
scaffold_421	48854	4140220	84.75	0	11585
scaffold_422	48845	7139901	146.17	0	1843
scaffold_423	48836	6245691	127.89	0	11079
scaffold_424	48743	156	0.00	0	2
scaffold_425	48735	5855137	120.14	0	3193
scaffold_426	48684	10317949	211.94	0	5136
scaffold_427	48575	2603338	53.59	0	1042
scaffold_428	48538	820085	16.90	0	348
scaffold_429	48433	6283399	129.73	0	2364
scaffold_430	48389	2496251	51.59	0	830
scaffold_431	48291	20143	0.42	0	32
scaffold_432	48099	1097351	22.81	0	284
scaffold_433	48007	588388	12.26	0	312
scaffold_434	47952	587903	12.26	0	376
scaffold_435	47922	5132560	107.10	0	4143
scaffold_436	47881	1129998	23.60	0	312
scaffold_437	47856	1901243	39.73	0	2401
scaffold_438	47810	11969802	250.36	0	968
scaffold_439	47772	58687	1.23	0	1047
scaffold_440	47716	3130914	65.62	0	2012
scaffold_441	47689	3649457	76.53	0	912
scaffold_442	47673	9748970	204.50	0	8353
scaffold_443	47672	1378467	28.92	0	1153
scaffold_444	47508	2357796	49.63	0	614
scaffold_445	47397	4519248	95.35	0	1147
scaffold_446	47378	11483338	242.38	0	956
scaffold_447	47377	445909	9.41	0	632
scaffold_448	47042	7339598	156.02	0	3103
scaffold_449	47040	3149848	66.96	0	2096
scaffold_450	46952	1170540	24.93	0	1535
scaffold_451	46884	73490	1.57	0	56
scaffold_452	46873	3304538	70.50	0	949
scaffold_453	46849	55497059	1184.59	0	167966
scaffold_454	46842	1832275	39.12	0	516
scaffold_455	46838	1312593	28.02	0	649
scaffold_456	46656	4117329	88.25	0	4215
scaffold_457	46653	666866	14.29	0	270
scaffold_458	46617	2140339	45.91	0	1664
scaffold_459	46576	2283603	49.03	0	1485
scaffold_460	46329	9430359	203.55	0	24739
scaffold_461	46305	1123743	24.27	0	503
scaffold_462	46275	3454094	74.64	0	1590
scaffold_463	46182	14709152	318.50	0	11782
scaffold_464	46156	5104548	110.59	0	2251
scaffold_465	46072	6575154	142.71	0	1497
scaffold_466	46049	821228	17.83	0	236
scaffold_467	45932	1229971	26.78	0	1377
scaffold_468	45884	2294051	50.00	0	553
scaffold_469	45788	2347663	51.27	0	2097
scaffold_470	45756	1586736	34.68	0	557
scaffold_471	45740	4577877	100.08	0	2670
scaffold_472	45624	10038482	220.03	0	19933
scaffold_473	45614	2257	0.05	0	60
scaffold_474	45584	264771	5.81	0	212
scaffold_475	45532	963868	21.17	0	612
scaffold_476	45526	9261217	203.43	0	4090
scaffold_477	45450	1213073	26.69	0	1119
scaffold_478	45418	507966	11.18	0	222
scaffold_479	45415	3967276	87.36	0	1943
scaffold_480	45357	1016362	22.41	0	427
scaffold_481	45256	1649893	36.46	0	1067
scaffold_482	45018	1669361	37.08	0	479
scaffold_483	44996	1061204	23.58	0	1573
scaffold_484	44830	7250056	161.72	0	7316
scaffold_485	44685	648506	14.51	0	484
scaffold_486	44578	755559	16.95	0	446
scaffold_487	44516	1301163	29.23	0	279
scaffold_488	44444	21375152	480.95	0	22842
scaffold_489	44434	1315217	29.60	0	337
scaffold_490	44385	2432079	54.80	0	1407
scaffold_491	44311	3241549	73.15	0	1986
scaffold_492	44275	29342916	662.74	0	21382
scaffold_493	44210	1620406	36.65	0	507
scaffold_494	44090	1435313	32.55	0	461
scaffold_495	44050	5646077	128.17	0	7057
scaffold_496	44020	920460	20.91	0	1147
scaffold_497	43947	898295	20.44	0	256
scaffold_498	43755	2009264	45.92	0	727
scaffold_499	43700	863	0.02	0	2
scaffold_500	43639	1369011	31.37	0	327
scaffold_501	43620	4248692	97.40	0	4427
scaffold_502	43613	2967371	68.04	0	2226
scaffold_503	43601	335667	7.70	0	512
scaffold_504	43570	4677010	107.34	0	5307
scaffold_505	43557	207585	4.77	0	312
scaffold_506	43454	11211747	258.01	0	13020
scaffold_507	43211	7294280	168.81	0	7600
scaffold_508	43179	3641798	84.34	0	982
scaffold_509	43161	4120758	95.47	0	1318
scaffold_510	43137	6177551	143.21	0	19330
scaffold_511	43116	8703216	201.86	0	8103
scaffold_512	43085	2056825	47.74	0	463
scaffold_513	42978	381039	8.87	0	456
scaffold_514	42877	13080024	305.06	0	15551
scaffold_515	42829	3744846	87.44	0	8305
scaffold_516	42821	6543657	152.81	0	1391
scaffold_517	42810	1791314	41.84	0	572
scaffold_518	42803	852992	19.93	0	212
scaffold_519	42764	29354	0.69	0	12
scaffold_520	42695	2098289	49.15	0	1588
scaffold_521	42680	5095741	119.39	0	3805
scaffold_522	42658	13048730	305.89	0	19415
scaffold_523	42640	218723	5.13	0	219
scaffold_524	42639	8402471	197.06	0	3479
scaffold_525	42639	234	0.01	0	1
scaffold_526	42602	1982455	46.53	0	494
scaffold_527	42592	728648	17.11	0	234
scaffold_528	42577	1561320	36.67	0	938
scaffold_529	42529	967683	22.75	0	787
scaffold_530	42521	1965035	46.21	0	1299
scaffold_531	42471	10307162	242.69	0	9728
scaffold_532	42214	3623981	85.85	0	4139
scaffold_533	42178	3175942	75.30	0	1262
scaffold_534	42052	3329061	79.17	0	6090
scaffold_535	41931	2142	0.05	0	16
scaffold_536	41919	2147298	51.22	0	981
scaffold_537	41863	3989292	95.29	0	1463
scaffold_538	41727	6542509	156.79	0	6078
scaffold_539	41709	2360634	56.60	0	1017
scaffold_540	41694	293285	7.03	0	354
scaffold_541	41640	1897312	45.56	0	761
scaffold_542	41480	5244014	126.42	0	4861
scaffold_543	41438	1649927	39.82	0	543
scaffold_544	41418	725202	17.51	0	166
scaffold_545	41352	6987759	168.98	0	5926
scaffold_546	41335	1359078	32.88	0	686
scaffold_547	41313	11139089	269.63	0	915
scaffold_548	41283	1913525	46.35	0	522
scaffold_549	41266	2910902	70.54	0	8921
scaffold_550	41237	3574767	86.69	0	3345
scaffold_551	41071	385484	9.39	0	257
scaffold_552	41058	3257060	79.33	0	1865
scaffold_553	40958	5525181	134.90	0	3805
scaffold_554	40899	3943445	96.42	0	2969
scaffold_555	40848	5058813	123.84	0	10352
scaffold_556	40805	3042617	74.56	0	1001
scaffold_557	40699	8240003	202.46	0	6617
scaffold_558	40644	10319388	253.90	0	933
scaffold_559	40456	10823508	267.54	0	3398
scaffold_560	40391	4360013	107.95	0	1299
scaffold_561	40364	11834354	293.19	0	3287
scaffold_562	40324	987602	24.49	0	249
scaffold_563	40240	3909110	97.14	0	1858
scaffold_564	40176	895794	22.30	0	249
scaffold_565	40171	2806857	69.87	0	3193
scaffold_566	40159	159569	3.97	0	330
scaffold_567	40159	2359793	58.76	0	848
scaffold_568	40158	1125905	28.04	0	444
scaffold_569	39936	7302068	182.84	0	9880
scaffold_570	39809	4688329	117.77	0	5122
scaffold_571	39745	559284	14.07	0	432
scaffold_572	39705	43724	1.10	0	134
scaffold_573	39595	3289734	83.08	0	969
scaffold_574	39516	2506019	63.42	0	3853
scaffold_575	39505	8096063	204.94	0	11270
scaffold_576	39474	1824671	46.22	0	2227
scaffold_577	39418	1412918	35.84	0	787
scaffold_578	39226	279232	7.12	0	175
scaffold_579	39163	3980830	101.65	0	1830
scaffold_580	39163	106357	2.72	0	205
scaffold_581	38960	19600	0.50	0	10
scaffold_582	38923	3612054	92.80	0	2919
scaffold_583	38733	3345029	86.36	0	4457
scaffold_584	38679	1834209	47.42	0	1026
scaffold_585	38675	91078	2.35	0	82
scaffold_586	38665	795	0.02	0	4
scaffold_587	38596	4814206	124.73	0	2359
scaffold_588	38501	703305	18.27	0	440
scaffold_589	38479	48244	1.25	0	168
scaffold_590	38425	1511684	39.34	0	1654
scaffold_591	38372	1303788	33.98	0	892
scaffold_592	38341	2398498	62.56	0	1103
scaffold_593	38319	333091	8.69	0	341
scaffold_594	38189	885665	23.19	0	540
scaffold_595	38188	4354062	114.02	0	4901
scaffold_596	38183	47893260	1254.31	0	54990
scaffold_597	38143	25831	0.68	0	331
scaffold_598	38070	5073189	133.26	0	4753
scaffold_599	38062	3718136	97.69	0	2302
scaffold_600	38050	9684271	254.51	0	977
scaffold_601	37976	2247685	59.19	0	1042
scaffold_602	37897	2456696	64.83	0	2128
scaffold_603	37841	13876	0.37	0	9
scaffold_604	37807	774155	20.48	0	253
scaffold_605	37731	498220	13.20	0	270
scaffold_606	37653	1519527	40.36	0	2213
scaffold_607	37626	249248	6.62	0	196
scaffold_608	37553	208379	5.55	0	343
scaffold_609	37508	4092968	109.12	0	3570
scaffold_610	37428	7079515	189.15	0	2392
scaffold_611	37406	547544	14.64	0	519
scaffold_612	37387	4247860	113.62	0	2175
scaffold_613	37345	1449416	38.81	0	364
scaffold_614	37245	2703875	72.60	0	9014
scaffold_615	37232	5495636	147.61	0	12581
scaffold_616	37169	1258512	33.86	0	398
scaffold_617	37096	10885771	293.45	0	8272
scaffold_618	37005	13616038	367.95	0	15134
scaffold_619	36865	3963239	107.51	0	2313
scaffold_620	36813	598179	16.25	0	333
scaffold_621	36733	2020404	55.00	0	963
scaffold_622	36663	2497960	68.13	0	628
scaffold_623	36624	1040156	28.40	0	347
scaffold_624	36482	4464859	122.39	0	9691
scaffold_625	36480	1695	0.05	0	14
scaffold_626	36394	3242511	89.09	0	2293
scaffold_627	36373	5196322	142.86	0	4227
scaffold_628	36347	9609079	264.37	0	2317
scaffold_629	36194	429881	11.88	0	152
scaffold_630	36145	5218606	144.38	0	4050
scaffold_631	36143	5252163	145.32	0	3588
scaffold_632	36142	3894435	107.75	0	12256
scaffold_633	36141	11429494	316.25	0	9483
scaffold_634	36105	3652904	101.17	0	7295
scaffold_635	36065	1296237	35.94	0	501
scaffold_636	36003	3784709	105.12	0	1910
scaffold_637	35988	8996852	250.00	0	4084
scaffold_638	35970	28819	0.80	0	40
scaffold_639	35871	3324106	92.67	0	1784
scaffold_640	35848	9952100	277.62	0	7850
scaffold_641	35830	3056688	85.31	0	668
scaffold_642	35802	160110	4.47	0	98
scaffold_643	35774	977060	27.31	0	637
scaffold_644	35640	4162305	116.79	0	5962
scaffold_645	35590	793001	22.28	0	1170
scaffold_646	35581	2396540	67.35	0	1132
scaffold_647	35537	479013	13.48	0	451
scaffold_648	35512	834007	23.49	0	344
scaffold_649	35475	3038	0.09	0	60
scaffold_650	35449	314745	8.88	0	232
scaffold_651	35444	5675700	160.13	0	3323
scaffold_652	35394	1759310	49.71	0	1507
scaffold_653	35392	320	0.01	0	16
scaffold_654	35366	13454874	380.45	0	27349
scaffold_655	35363	6291639	177.92	0	11975
scaffold_656	35352	131327	3.71	0	93
scaffold_657	35288	63162	1.79	0	59
scaffold_658	35252	1952787	55.40	0	997
scaffold_659	35048	430932	12.30	0	146
scaffold_660	35046	6454292	184.17	0	1335
scaffold_661	34961	2924199	83.64	0	2894
scaffold_662	34927	2753194	78.83	0	1728
scaffold_663	34694	688461	19.84	0	3323
scaffold_664	34680	893522	25.76	0	374
scaffold_665	34674	3108	0.09	0	5
scaffold_666	34625	218301	6.30	0	126
scaffold_667	34603	3161268	91.36	0	6968
scaffold_668	34601	9176	0.27	0	74
scaffold_669	34600	268987	7.77	0	204
scaffold_670	34511	73574	2.13	0	153
scaffold_671	34465	71267	2.07	0	96
scaffold_672	34397	1902754	55.32	0	541
scaffold_673	34349	1122121	32.67	0	3605
scaffold_674	34348	5095116	148.34	0	2830
scaffold_675	34284	783582	22.86	0	495
scaffold_676	34259	16229	0.47	0	13
scaffold_677	34166	31735	0.93	0	93
scaffold_678	34159	8957	0.26	0	9
scaffold_679	34068	1091	0.03	0	8
scaffold_680	34054	861551	25.30	0	280
scaffold_681	33995	1909044	56.16	0	374
scaffold_682	33888	5945031	175.43	0	5209
scaffold_683	33849	482	0.01	0	4
scaffold_684	33799	3675997	108.76	0	3344
scaffold_685	33785	8981	0.27	0	17
scaffold_686	33762	3991185	118.22	0	7990
scaffold_687	33713	4603012	136.54	0	4629
scaffold_688	33695	74411	2.21	0	65
scaffold_689	33655	1579666	46.94	0	426
scaffold_690	33647	5068847	150.65	0	3676
scaffold_691	33645	3649335	108.47	0	1818
scaffold_692	33638	709848	21.10	0	1058
scaffold_693	33626	4899742	145.71	0	2034
scaffold_694	33607	136322	4.06	0	193
scaffold_695	33603	2509210	74.67	0	1434
scaffold_696	33565	3519793	104.86	0	2289
scaffold_697	33548	571	0.02	0	28
scaffold_698	33539	407	0.01	0	2
scaffold_699	33436	1594770	47.70	0	409
scaffold_700	33346	330641	9.92	0	204
scaffold_701	33292	1369991	41.15	0	720
scaffold_702	33284	2709948	81.42	0	1742
scaffold_703	33177	2160750	65.13	0	2202
scaffold_704	32996	2675291	81.08	0	1106
scaffold_705	32990	2937679	89.05	0	1354
scaffold_706	32945	553205	16.79	0	213
scaffold_707	32872	1393170	42.38	0	1097
scaffold_708	32781	1217603	37.14	0	395
scaffold_709	32762	266944	8.15	0	685
scaffold_710	32745	4609403	140.77	0	1324
scaffold_711	32741	1927702	58.88	0	679
scaffold_712	32704	2898565	88.63	0	732
scaffold_713	32676	812466	24.86	0	332
scaffold_714	32674	8403405	257.19	0	901
scaffold_715	32662	20533	0.63	0	13
scaffold_716	32659	1292308	39.57	0	353
scaffold_717	32638	985809	30.20	0	911
scaffold_718	32631	4407764	135.08	0	3270
scaffold_719	32575	785616	24.12	0	555
scaffold_720	32479	1490022	45.88	0	1843
scaffold_721	32445	538525	16.60	0	187
scaffold_722	32427	435887	13.44	0	408
scaffold_723	32362	36310	1.12	0	47
scaffold_724	32343	5056442	156.34	0	1941
scaffold_725	32320	304287	9.41	0	128
scaffold_726	32252	6624049	205.38	0	5150
scaffold_727	32232	356155	11.05	0	464
scaffold_728	32230	1610949	49.98	0	493
scaffold_729	32207	3145024	97.65	0	3468
scaffold_730	32100	2348167	73.15	0	1977
scaffold_731	32099	7888780	245.76	0	23257
scaffold_732	32098	2249	0.07	0	38
scaffold_733	32082	201622	6.28	0	137
scaffold_734	32078	2679980	83.55	0	4537
scaffold_735	32063	180477	5.63	0	98
scaffold_736	32043	1281351	39.99	0	474
scaffold_737	31947	6456952	202.11	0	5044
scaffold_738	31921	98511	3.09	0	219
scaffold_739	31912	109627	3.44	0	74
scaffold_740	31871	1692114	53.09	0	3412
scaffold_741	31861	48082	1.51	0	87
scaffold_742	31840	384	0.01	0	18
scaffold_743	31811	4751391	149.36	0	5949
scaffold_744	31778	1674974	52.71	0	715
scaffold_745	31737	1661390	52.35	0	880
scaffold_746	31649	8898875	281.17	0	8242
scaffold_747	31609	4669	0.15	0	192
scaffold_748	31579	8199583	259.65	0	927
scaffold_749	31561	666225	21.11	0	961
scaffold_750	31379	796923	25.40	0	538
scaffold_751	31350	945240	30.15	0	473
scaffold_752	31214	2149842	68.87	0	4670
scaffold_753	31166	3238418	103.91	0	1533
scaffold_754	31133	851708	27.36	0	632
scaffold_755	31127	2385773	76.65	0	902
scaffold_756	31112	6417877	206.28	0	967
scaffold_758	31043	398442	12.84	0	325
scaffold_759	31040	1878	0.06	0	14
scaffold_760	31031	5780240	186.27	0	9033
scaffold_761	30844	38976	1.26	0	42
scaffold_762	30836	510373	16.55	0	272
scaffold_763	30780	2641925	85.83	0	1753
scaffold_764	30756	2165242	70.40	0	1124
scaffold_765	30752	3735968	121.49	0	2646
scaffold_766	30742	1875	0.06	0	86
scaffold_767	30699	1647792	53.68	0	1307
scaffold_768	30698	3552323	115.72	0	2537
scaffold_769	30684	3630942	118.33	0	5042
scaffold_770	30673	700077	22.82	0	419
scaffold_771	30571	3382583	110.65	0	4344
scaffold_772	30561	5358933	175.35	0	6018
scaffold_773	30553	4178611	136.77	0	2899
scaffold_774	30523	770	0.03	0	2
scaffold_775	30517	6118172	200.48	0	4007
scaffold_776	30491	2452544	80.44	0	2728
scaffold_777	30476	23536	0.77	0	114
scaffold_778	30428	1390574	45.70	0	2063
scaffold_779	30427	1269489	41.72	0	1640
scaffold_780	30341	446856	14.73	0	189
scaffold_781	30340	80	0.00	0	4
scaffold_782	30337	7442490	245.33	0	928
scaffold_783	30262	2841	0.09	0	136
scaffold_784	30135	405859	13.47	0	406
scaffold_785	30085	7500603	249.31	0	891
scaffold_786	30070	6728091	223.75	0	5160
scaffold_787	30048	3137517	104.42	0	2287
scaffold_788	29994	6440394	214.72	0	4846
scaffold_789	29963	564487	18.84	0	140
scaffold_790	29953	1890402	63.11	0	989
scaffold_791	29948	4264032	142.38	0	2583
scaffold_792	29850	1084199	36.32	0	612
scaffold_793	29821	6071	0.20	0	307
scaffold_794	29722	1535509	51.66	0	1261
scaffold_795	29667	8443	0.28	0	9
scaffold_796	29666	2486917	83.83	0	845
scaffold_797	29649	83728	2.82	0	80
scaffold_798	29638	23518	0.79	0	16
scaffold_799	29622	2590194	87.44	0	1381
scaffold_800	29517	1527043	51.73	0	650
scaffold_801	29489	836	0.03	0	5
scaffold_802	29480	1488868	50.50	0	735
scaffold_803	29458	550	0.02	0	2
scaffold_804	29402	647981	22.04	0	487
scaffold_805	29386	1727821	58.80	0	1441
scaffold_806	29361	15596	0.53	0	35
scaffold_807	29317	51087	1.74	0	87
scaffold_808	29255	9507800	325.00	0	4987
scaffold_809	29160	2585459	88.66	0	3965
scaffold_811	29088	2089009	71.82	0	2607
scaffold_812	29086	596781	20.52	0	264
scaffold_813	29056	1992	0.07	0	10
scaffold_814	29043	6352042	218.71	0	3433
scaffold_815	29018	39965	1.38	0	232
scaffold_816	28962	994086	34.32	0	569
scaffold_817	28951	300	0.01	0	2
scaffold_818	28841	1431063	49.62	0	750
scaffold_820	28798	2102698	73.02	0	1144
scaffold_821	28685	1989777	69.37	0	2702
scaffold_822	28655	38	0.00	0	2
scaffold_823	28621	215157	7.52	0	220
scaffold_824	28588	2173135	76.02	0	1016
scaffold_825	28530	1734336	60.79	0	699
scaffold_826	28495	859112	30.15	0	929
scaffold_827	28378	1243	0.04	0	5
scaffold_828	28336	633115	22.34	0	818
scaffold_829	28333	96585	3.41	0	48
scaffold_830	28304	204119	7.21	0	155
scaffold_833	28267	6856223	242.55	0	3554
scaffold_834	28240	2300705	81.47	0	1444
scaffold_835	28213	148914	5.28	0	225
scaffold_836	28147	5665908	201.30	0	3308
scaffold_837	28081	693654	24.70	0	532
scaffold_838	28044	5138064	183.21	0	3072
scaffold_839	28014	2826682	100.90	0	628
scaffold_840	27955	1131234	40.47	0	858
scaffold_841	27935	12966948	464.18	0	20936
scaffold_842	27929	3233639	115.78	0	1820
scaffold_844	27885	120756	4.33	0	122
scaffold_845	27884	316208	11.34	0	212
scaffold_846	27836	527595	18.95	0	274
scaffold_847	27802	454	0.02	0	14
scaffold_849	27722	4148131	149.63	0	9794
scaffold_850	27722	2474144	89.25	0	938
scaffold_851	27718	4899737	176.77	0	8967
scaffold_852	27669	406	0.01	0	2
scaffold_853	27647	19411	0.70	0	14
scaffold_854	27647	664676	24.04	0	216
scaffold_855	27645	919876	33.27	0	330
scaffold_856	27540	491241	17.84	0	221
scaffold_857	27512	104519	3.80	0	398
scaffold_858	27503	190	0.01	0	6
scaffold_859	27494	968652	35.23	0	779
scaffold_860	27483	66590	2.42	0	30
scaffold_862	27428	338	0.01	0	2
scaffold_863	27421	1699	0.06	0	3
scaffold_864	27393	160746	5.87	0	247
scaffold_865	27387	1016157	37.10	0	639
scaffold_866	27386	3288726	120.09	0	4330
scaffold_867	27373	878736	32.10	0	608
scaffold_868	27350	3745	0.14	0	112
scaffold_869	27296	3523031	129.07	0	2348
scaffold_870	27280	1490275	54.63	0	1351
scaffold_871	27244	274906	10.09	0	469
scaffold_872	27145	565	0.02	0	4
scaffold_873	27119	15553	0.57	0	61
scaffold_874	27105	1118	0.04	0	58
scaffold_875	27091	466978	17.24	0	330
scaffold_876	27046	1090472	40.32	0	736
scaffold_877	27036	68746	2.54	0	819
scaffold_878	26978	1195663	44.32	0	424
scaffold_879	26978	1170	0.04	0	10
scaffold_880	26970	799492	29.64	0	271
scaffold_881	26956	76916	2.85	0	138
scaffold_882	26935	346531	12.87	0	383
scaffold_883	26905	228	0.01	0	8
scaffold_884	26878	2911175	108.31	0	2383
scaffold_885	26848	68037	2.53	0	409
scaffold_886	26802	248	0.01	0	6
scaffold_887	26772	540353	20.18	0	223
scaffold_888	26748	4128163	154.34	0	7921
scaffold_889	26720	764681	28.62	0	1357
scaffold_890	26713	5089751	190.53	0	5071
scaffold_891	26701	1673816	62.69	0	853
scaffold_892	26694	1340483	50.22	0	320
scaffold_893	26668	472032	17.70	0	378
scaffold_894	26635	3651621	137.10	0	2076
scaffold_895	26596	3810164	143.26	0	2527
scaffold_896	26526	3261986	122.97	0	1472
scaffold_897	26503	76	0.00	0	4
scaffold_898	26468	453238	17.12	0	229
scaffold_899	26449	140	0.01	0	2
scaffold_900	26380	150	0.01	0	1
scaffold_901	26334	27587	1.05	0	40
scaffold_902	26289	3113619	118.44	0	3552
scaffold_903	26283	17937	0.68	0	11
scaffold_904	26240	4346641	165.65	0	5640
scaffold_905	26177	848	0.03	0	42
scaffold_906	26156	2823421	107.95	0	1781
scaffold_907	26129	1190547	45.56	0	1142
scaffold_908	26125	4491	0.17	0	10
scaffold_909	26103	934205	35.79	0	1326
scaffold_910	26103	1785967	68.42	0	936
scaffold_911	26094	1457080	55.84	0	849
scaffold_912	26061	494	0.02	0	16
scaffold_913	26057	681142	26.14	0	540
scaffold_914	26042	1629744	62.58	0	676
scaffold_915	26037	140589	5.40	0	48
scaffold_916	26033	887176	34.08	0	419
scaffold_917	26011	2504	0.10	0	6
scaffold_918	25939	1243089	47.92	0	377
scaffold_919	25923	839641	32.39	0	300
scaffold_920	25915	849582	32.78	0	443
scaffold_921	25905	150	0.01	0	1
scaffold_922	25901	2690494	103.88	0	1560
scaffold_923	25900	186404	7.20	0	165
scaffold_924	25866	900284	34.81	0	679
scaffold_925	25848	6506855	251.74	0	12605
scaffold_926	25793	78	0.00	0	2
scaffold_927	25748	4145485	161.00	0	2995
scaffold_928	25741	1054389	40.96	0	320
scaffold_929	25708	92820	3.61	0	59
scaffold_931	25670	4481498	174.58	0	3319
scaffold_932	25650	239514	9.34	0	313
scaffold_933	25632	6013200	234.60	0	11031
scaffold_934	25627	109	0.00	0	1
scaffold_935	25567	5637706	220.51	0	1822
scaffold_936	25557	11885	0.47	0	23
scaffold_937	25551	101	0.00	0	1
scaffold_938	25531	2303735	90.23	0	4492
scaffold_939	25524	13747188	538.60	0	26214
scaffold_940	25523	53781	2.11	0	246
scaffold_941	25521	647374	25.37	0	488
scaffold_943	25397	266	0.01	0	14
scaffold_944	25396	2340490	92.16	0	2278
scaffold_945	25325	17849	0.70	0	13
scaffold_946	25319	1617077	63.87	0	606
scaffold_947	25278	1171	0.05	0	6
scaffold_948	25277	212238	8.40	0	271
scaffold_949	25212	1824880	72.38	0	793
scaffold_950	25166	1791234	71.18	0	440
scaffold_951	25155	2040825	81.13	0	775
scaffold_952	25151	288393	11.47	0	161
scaffold_953	25137	40	0.00	0	2
scaffold_955	25129	690601	27.48	0	401
scaffold_956	25057	16623	0.66	0	52
scaffold_957	25033	1381265	55.18	0	843
scaffold_958	25028	2157151	86.19	0	1281
scaffold_959	24996	1976462	79.07	0	1981
scaffold_960	24936	2936	0.12	0	8
scaffold_961	24930	3439287	137.96	0	5274
scaffold_962	24923	449288	18.03	0	541
scaffold_963	24891	536202	21.54	0	303
scaffold_964	24876	29860	1.20	0	62
scaffold_965	24840	1265880	50.96	0	453
scaffold_966	24830	1090940	43.94	0	312
scaffold_967	24755	1015108	41.01	0	1038
scaffold_968	24742	1811753	73.23	0	1347
scaffold_969	24728	254821	10.30	0	346
scaffold_970	24712	2978	0.12	0	12
scaffold_971	24660	393098	15.94	0	138
scaffold_972	24639	350959	14.24	0	584
scaffold_973	24633	350373	14.22	0	521
scaffold_974	24620	1539408	62.53	0	1007
scaffold_975	24486	530536	21.67	0	495
scaffold_976	24475	7394737	302.13	0	38748
scaffold_977	24439	12386	0.51	0	12
scaffold_978	24429	1339565	54.84	0	470
scaffold_979	24417	2826	0.12	0	7
scaffold_980	24400	300	0.01	0	2
scaffold_981	24337	46	0.00	0	1
scaffold_982	24320	45340	1.86	0	106
scaffold_984	24263	1800	0.07	0	12
scaffold_985	24240	104531	4.31	0	123
scaffold_986	24233	982512	40.54	0	956
scaffold_987	24218	1674724	69.15	0	551
scaffold_988	24215	77	0.00	0	1
scaffold_989	24200	248250	10.26	0	122
scaffold_990	24199	865044	35.75	0	519
scaffold_991	24192	1887418	78.02	0	832
scaffold_992	24184	2970017	122.81	0	1219
scaffold_993	24165	5629314	232.95	0	4607
scaffold_994	24154	2624225	108.65	0	2218
scaffold_995	24141	1486243	61.57	0	1240
scaffold_996	24114	4364	0.18	0	17
scaffold_998	24091	1035618	42.99	0	325
scaffold_999	24043	2093	0.09	0	52
scaffold_1000	24042	452812	18.83	0	353
scaffold_1001	24038	1902952	79.16	0	1613
scaffold_1002	23988	36563	1.52	0	116
scaffold_1003	23985	810759	33.80	0	487
scaffold_1004	23980	404821	16.88	0	866
scaffold_1005	23968	21363	0.89	0	20
scaffold_1006	23953	397431	16.59	0	574
scaffold_1007	23949	672719	28.09	0	682
scaffold_1008	23911	4644617	194.25	0	2195
scaffold_1009	23872	260	0.01	0	4
scaffold_1010	23835	847615	35.56	0	604
scaffold_1011	23824	450	0.02	0	2
scaffold_1012	23808	2060519	86.55	0	1108
scaffold_1013	23773	768443	32.32	0	576
scaffold_1014	23751	13928	0.59	0	20
scaffold_1015	23709	481	0.02	0	4
scaffold_1016	23707	8768	0.37	0	31
scaffold_1017	23689	3771511	159.21	0	5836
scaffold_1018	23643	750596	31.75	0	806
scaffold_1019	23638	1415189	59.87	0	1132
scaffold_1020	23634	5238137	221.64	0	5387
scaffold_1021	23625	40	0.00	0	2
scaffold_1022	23612	2831849	119.93	0	2166
scaffold_1023	23607	436218	18.48	0	406
scaffold_1024	23577	616293	26.14	0	323
scaffold_1025	23555	154520	6.56	0	274
scaffold_1026	23479	2235077	95.19	0	2344
scaffold_1027	23426	6095	0.26	0	16
scaffold_1028	23424	573051	24.46	0	380
scaffold_1029	23386	152	0.01	0	8
scaffold_1030	23384	1952	0.08	0	6
scaffold_1031	23352	233	0.01	0	10
scaffold_1032	23344	2041669	87.46	0	1212
scaffold_1033	23326	2782157	119.27	0	1214
scaffold_1034	23299	1253060	53.78	0	1342
scaffold_1035	23271	150	0.01	0	1
scaffold_1036	23270	6424820	276.10	0	5136
scaffold_1037	23260	1011785	43.50	0	1302
scaffold_1038	23211	1448	0.06	0	76
scaffold_1039	23203	740943	31.93	0	256
scaffold_1040	23192	2715914	117.11	0	14369
scaffold_1041	23175	3225233	139.17	0	5493
scaffold_1042	23166	805057	34.75	0	464
scaffold_1043	23143	307046	13.27	0	349
scaffold_1044	23135	603	0.03	0	2
scaffold_1045	23128	3580437	154.81	0	1644
scaffold_1046	23127	276	0.01	0	2
scaffold_1047	23095	1005610	43.54	0	241
scaffold_1048	23076	1083463	46.95	0	300
scaffold_1049	23073	17282	0.75	0	15
scaffold_1050	23055	1179886	51.18	0	515
scaffold_1051	23054	5051980	219.14	0	48027
scaffold_1052	23036	1564123	67.90	0	1624
scaffold_1053	22998	539937	23.48	0	646
scaffold_1054	22981	2037	0.09	0	16
scaffold_1056	22956	1421768	61.93	0	865
scaffold_1057	22830	300	0.01	0	2
scaffold_1059	22790	7197	0.32	0	345
scaffold_1060	22765	7828357	343.88	0	11061
scaffold_1061	22745	13979	0.61	0	16
scaffold_1062	22731	14192	0.62	0	16
scaffold_1063	22665	190	0.01	0	10
scaffold_1064	22622	1012500	44.76	0	1145
scaffold_1065	22569	6895	0.31	0	14
scaffold_1066	22568	2320888	102.84	0	1497
scaffold_1067	22559	384263	17.03	0	244
scaffold_1068	22501	490	0.02	0	10
scaffold_1069	22461	490695	21.85	0	246
scaffold_1071	22393	636	0.03	0	3
scaffold_1072	22383	1488	0.07	0	76
scaffold_1073	22369	1407276	62.91	0	546
scaffold_1074	22332	5218685	233.69	0	7781
scaffold_1075	22326	455733	20.41	0	327
scaffold_1076	22291	133	0.01	0	2
scaffold_1077	22265	1593120	71.55	0	347
scaffold_1078	22190	162190	7.31	0	110
scaffold_1079	22187	1832120	82.58	0	1168
scaffold_1080	22167	9703	0.44	0	11
scaffold_1081	22165	1727447	77.94	0	1503
scaffold_1082	22155	512	0.02	0	6
scaffold_1083	22153	459499	20.74	0	171
scaffold_1085	22115	3155541	142.69	0	4341
scaffold_1086	22101	11954	0.54	0	32
scaffold_1087	22091	1306779	59.15	0	418
scaffold_1088	22089	891	0.04	0	4
scaffold_1089	22077	50093680	2269.04	0	150631
scaffold_1090	22075	19166	0.87	0	12
scaffold_1091	22069	264076	11.97	0	965
scaffold_1092	22048	528483	23.97	0	325
scaffold_1093	22046	593041	26.90	0	426
scaffold_1094	21974	56176	2.56	0	44
scaffold_1097	21898	1381946	63.11	0	5381
scaffold_1098	21862	674350	30.85	0	361
scaffold_1099	21855	3090572	141.41	0	4474
scaffold_1100	21833	580813	26.60	0	420
scaffold_1101	21821	860325	39.43	0	1800
scaffold_1102	21764	3077598	141.41	0	1559
scaffold_1103	21750	3215368	147.83	0	4661
scaffold_1104	21731	1135	0.05	0	24
scaffold_1106	21697	646080	29.78	0	506
scaffold_1107	21687	1342779	61.92	0	1145
scaffold_1108	21673	1100320	50.77	0	521
scaffold_1109	21672	3387766	156.32	0	5815
scaffold_1110	21671	763308	35.22	0	174
scaffold_1111	21661	104681	4.83	0	84
scaffold_1112	21649	33181	1.53	0	93
scaffold_1113	21629	278	0.01	0	2
scaffold_1114	21619	187135	8.66	0	622
scaffold_1115	21619	2243257	103.76	0	1118
scaffold_1116	21583	1921153	89.01	0	1575
scaffold_1117	21566	1415	0.07	0	6
scaffold_1118	21556	2128951	98.76	0	3482
scaffold_1119	21549	1275730	59.20	0	1118
scaffold_1120	21532	300	0.01	0	2
scaffold_1121	21518	1771086	82.31	0	4264
scaffold_1122	21508	281776	13.10	0	268
scaffold_1124	21478	275	0.01	0	2
scaffold_1125	21474	20617	0.96	0	31
scaffold_1126	21466	1191258	55.50	0	1083
scaffold_1127	21445	667	0.03	0	4
scaffold_1128	21440	80516	3.76	0	87
scaffold_1129	21427	1387602	64.76	0	379
scaffold_1130	21426	1505	0.07	0	72
scaffold_1132	21396	166334	7.77	0	99
scaffold_1133	21374	786117	36.78	0	737
scaffold_1134	21365	41455	1.94	0	133
scaffold_1135	21362	4206	0.20	0	26
scaffold_1136	21340	300	0.01	0	2
scaffold_1137	21322	2510145	117.73	0	4763
scaffold_1138	21317	2440	0.11	0	32
scaffold_1139	21313	697	0.03	0	4
scaffold_1140	21264	29247	1.38	0	112
scaffold_1141	21258	3720	0.17	0	20
scaffold_1142	21243	474	0.02	0	2
scaffold_1143	21242	587707	27.67	0	362
scaffold_1144	21237	85108	4.01	0	220
scaffold_1146	21229	80572	3.80	0	127
scaffold_1147	21219	862	0.04	0	18
scaffold_1148	21218	5336983	251.53	0	2556
scaffold_1149	21215	3671293	173.05	0	2428
scaffold_1150	21190	2705	0.13	0	72
scaffold_1151	21182	402723	19.01	0	445
scaffold_1152	21180	1621588	76.56	0	758
scaffold_1154	21158	168281	7.95	0	392
scaffold_1155	21140	575721	27.23	0	287
scaffold_1156	21133	1029391	48.71	0	1029
scaffold_1157	21113	931533	44.12	0	660
scaffold_1158	21082	4388	0.21	0	9
scaffold_1159	21078	47795	2.27	0	53
scaffold_1160	21076	494	0.02	0	26
scaffold_1161	21076	62727	2.98	0	42
scaffold_1163	21047	600	0.03	0	4
scaffold_1164	21044	478842	22.75	0	1294
scaffold_1165	20989	4909257	233.90	0	4101
scaffold_1166	20946	360193	17.20	0	121
scaffold_1167	20914	58202	2.78	0	91
scaffold_1168	20899	171763	8.22	0	107
scaffold_1171	20842	233	0.01	0	1
scaffold_1172	20808	2046234	98.34	0	1316
scaffold_1173	20794	25745	1.24	0	14
scaffold_1174	20768	1470	0.07	0	6
scaffold_1175	20759	1398706	67.38	0	804
scaffold_1176	20701	12158	0.59	0	28
scaffold_1177	20698	461868	22.31	0	230
scaffold_1178	20696	38	0.00	0	2
scaffold_1179	20681	910	0.04	0	6
scaffold_1180	20668	975	0.05	0	4
scaffold_1181	20664	1783812	86.32	0	1719
scaffold_1182	20642	4679192	226.68	0	3426
scaffold_1183	20636	1676312	81.23	0	1022
scaffold_1184	20609	3600	0.17	0	8
scaffold_1185	20606	128	0.01	0	1
scaffold_1186	20601	2295	0.11	0	68
scaffold_1187	20591	1961717	95.27	0	1881
scaffold_1188	20553	14920	0.73	0	16
scaffold_1189	20521	642565	31.31	0	777
scaffold_1190	20516	218840	10.67	0	126
scaffold_1191	20483	80	0.00	0	4
scaffold_1192	20459	8150	0.40	0	10
scaffold_1193	20454	1375152	67.23	0	718
scaffold_1194	20426	10952	0.54	0	13
scaffold_1197	20304	150	0.01	0	1
scaffold_1198	20281	14119	0.70	0	55
scaffold_1199	20275	600	0.03	0	4
scaffold_1200	20264	2248695	110.97	0	3820
scaffold_1201	20260	994	0.05	0	50
scaffold_1202	20258	3296287	162.72	0	3273
scaffold_1203	20227	9474494	468.41	0	5008
scaffold_1204	20200	20870	1.03	0	34
scaffold_1205	20148	524525	26.03	0	254
scaffold_1206	20138	904022	44.89	0	1342
scaffold_1207	20138	177398	8.81	0	88
scaffold_1209	20111	16732	0.83	0	11
scaffold_1210	20084	4439	0.22	0	13
scaffold_1211	20084	119411	5.95	0	115
scaffold_1212	20082	2232715	111.18	0	6039
scaffold_1213	20056	2058869	102.66	0	2714
scaffold_1216	20009	3173	0.16	0	9
scaffold_1217	20004	506435	25.32	0	176
scaffold_1219	19985	13719	0.69	0	47
scaffold_1220	19974	1257	0.06	0	6
scaffold_1221	19964	830462	41.60	0	1106
scaffold_1222	19963	2090	0.10	0	7
scaffold_1223	19959	361	0.02	0	15
scaffold_1224	19909	10672	0.54	0	74
scaffold_1225	19890	776808	39.06	0	265
scaffold_1226	19874	1116148	56.16	0	1622
scaffold_1228	19860	1239345	62.40	0	2683
scaffold_1231	19805	566858	28.62	0	212
scaffold_1232	19788	551237	27.86	0	438
scaffold_1233	19775	878	0.04	0	2
scaffold_1234	19773	2152909	108.88	0	3854
scaffold_1235	19758	470350	23.81	0	320
scaffold_1236	19666	111012	5.64	0	191
scaffold_1237	19653	181080	9.21	0	157
scaffold_1238	19637	971123	49.45	0	604
scaffold_1239	19615	586478	29.90	0	465
scaffold_1240	19612	190	0.01	0	1
scaffold_1241	19608	393618	20.07	0	339
scaffold_1242	19581	1030710	52.64	0	463
scaffold_1243	19563	1160	0.06	0	43
scaffold_1244	19531	177558	9.09	0	112
scaffold_1245	19528	400983	20.53	0	252
scaffold_1246	19524	19079	0.98	0	75
scaffold_1247	19491	643	0.03	0	4
scaffold_1248	19473	1343	0.07	0	10
scaffold_1249	19458	861737	44.29	0	841
scaffold_1250	19436	945	0.05	0	22
scaffold_1251	19423	393318	20.25	0	202
scaffold_1252	19402	735	0.04	0	8
scaffold_1253	19392	1080104	55.70	0	420
scaffold_1254	19392	135	0.01	0	1
scaffold_1257	19364	938	0.05	0	4
scaffold_1258	19340	136393	7.05	0	203
scaffold_1260	19308	762142	39.47	0	380
scaffold_1261	19293	10896	0.56	0	9
scaffold_1262	19241	570744	29.66	0	624
scaffold_1263	19209	2573155	133.96	0	4360
scaffold_1264	19196	15105	0.79	0	12
scaffold_1265	19195	930	0.05	0	22
scaffold_1266	19176	5604	0.29	0	220
scaffold_1267	19160	4735657	247.16	0	944
scaffold_1268	19157	1725373	90.06	0	1194
scaffold_1269	19156	215	0.01	0	2
scaffold_1270	19152	812	0.04	0	2
scaffold_1271	19134	5766	0.30	0	22
scaffold_1272	19132	1560171	81.55	0	1358
scaffold_1273	19128	187022	9.78	0	519
scaffold_1274	19059	2121957	111.34	0	6314
scaffold_1275	19039	84782	4.45	0	73
scaffold_1276	18984	309434	16.30	0	508
scaffold_1277	18954	3930	0.21	0	12
scaffold_1278	18952	3822900	201.71	0	5407
scaffold_1279	18949	184475	9.74	0	159
scaffold_1280	18942	5538057	292.37	0	4346
scaffold_1283	18860	1504946	79.80	0	3170
scaffold_1284	18849	4443571	235.75	0	14579
scaffold_1285	18837	664074	35.25	0	631
scaffold_1286	18813	150	0.01	0	1
scaffold_1287	18795	3867389	205.77	0	8059
scaffold_1288	18765	80613	4.30	0	76
scaffold_1289	18764	1325180	70.62	0	833
scaffold_1290	18749	238	0.01	0	10
scaffold_1291	18748	2555293	136.30	0	4896
scaffold_1292	18746	1260375	67.23	0	261
scaffold_1293	18724	102842	5.49	0	57
scaffold_1294	18691	150	0.01	0	1
scaffold_1296	18676	12095	0.65	0	12
scaffold_1297	18663	340	0.02	0	10
scaffold_1298	18632	4734	0.25	0	247
scaffold_1299	18623	5648	0.30	0	14
scaffold_1300	18617	663829	35.66	0	178
scaffold_1301	18601	305636	16.43	0	96
scaffold_1302	18582	167392	9.01	0	125
scaffold_1303	18575	249489	13.43	0	81
scaffold_1305	18546	2749	0.15	0	10
scaffold_1306	18527	203769	11.00	0	298
scaffold_1307	18519	104186	5.63	0	70
scaffold_1308	18509	795190	42.96	0	606
scaffold_1309	18502	455761	24.63	0	166
scaffold_1310	18500	1641174	88.71	0	968
scaffold_1311	18499	701	0.04	0	6
scaffold_1312	18496	857031	46.34	0	399
scaffold_1313	18469	835	0.05	0	4
scaffold_1314	18454	1525466	82.66	0	898
scaffold_1315	18441	602095	32.65	0	364
scaffold_1316	18439	2512711	136.27	0	2689
scaffold_1317	18361	1993957	108.60	0	1602
scaffold_1318	18341	1075	0.06	0	10
scaffold_1320	18329	243460	13.28	0	102
scaffold_1321	18313	2346687	128.14	0	6906
scaffold_1322	18288	300	0.02	0	2
scaffold_1323	18288	94	0.01	0	1
scaffold_1324	18275	15128	0.83	0	10
scaffold_1325	18239	1025366	56.22	0	2816
scaffold_1326	18222	760	0.04	0	40
scaffold_1327	18189	7071	0.39	0	54
scaffold_1328	18179	555216	30.54	0	188
scaffold_1329	18151	790	0.04	0	8
scaffold_1330	18149	75328	4.15	0	186
scaffold_1331	18036	601317	33.34	0	497
scaffold_1332	18018	300	0.02	0	1
scaffold_1334	18014	28977	1.61	0	25
scaffold_1335	18001	375071	20.84	0	405
scaffold_1336	17984	323706	18.00	0	254
scaffold_1337	17977	1200	0.07	0	8
scaffold_1338	17955	661990	36.87	0	648
scaffold_1339	17953	112552	6.27	0	67
scaffold_1340	17932	2417899	134.84	0	1243
scaffold_1341	17930	86392	4.82	0	48
scaffold_1342	17916	3654	0.20	0	12
scaffold_1343	17897	366492	20.48	0	239
scaffold_1344	17893	1508608	84.31	0	1478
scaffold_1345	17865	19134	1.07	0	13
scaffold_1346	17851	339	0.02	0	2
scaffold_1351	17779	1057337	59.47	0	905
scaffold_1353	17735	627687	35.39	0	599
scaffold_1354	17731	24179	1.36	0	16
scaffold_1355	17727	1440495	81.26	0	824
scaffold_1356	17727	900	0.05	0	3
scaffold_1357	17709	342759	19.36	0	244
scaffold_1358	17686	5801884	328.05	0	4339
scaffold_1362	17651	435	0.02	0	2
scaffold_1363	17621	2461917	139.71	0	2129
scaffold_1364	17603	208129	11.82	0	204
scaffold_1365	17584	605	0.03	0	2
scaffold_1366	17581	114	0.01	0	6
scaffold_1367	17580	3536400	201.16	0	1717
scaffold_1369	17557	570843	32.51	0	1111
scaffold_1370	17541	32249	1.84	0	59
scaffold_1371	17537	853235	48.65	0	452
scaffold_1372	17523	3917728	223.58	0	2911
scaffold_1373	17521	1714042	97.83	0	937
scaffold_1374	17489	5694	0.33	0	44
scaffold_1375	17473	338061	19.35	0	107
scaffold_1377	17464	127722	7.31	0	174
scaffold_1378	17457	1274363	73.00	0	1552
scaffold_1379	17434	575	0.03	0	2
scaffold_1380	17429	2266259	130.03	0	1287
scaffold_1381	17419	5652107	324.48	0	12088
scaffold_1382	17408	1195	0.07	0	3
scaffold_1383	17398	135661	7.80	0	95
scaffold_1384	17386	968876	55.73	0	1540
scaffold_1386	17354	342	0.02	0	18
scaffold_1388	17348	97206	5.60	0	236
scaffold_1389	17346	997466	57.50	0	756
scaffold_1390	17328	586064	33.82	0	196
scaffold_1393	17284	2175	0.13	0	8
scaffold_1394	17264	2181391	126.35	0	5690
scaffold_1395	17258	9853	0.57	0	34
scaffold_1396	17242	408854	23.71	0	186
scaffold_1397	17232	148790	8.63	0	78
scaffold_1398	17232	38	0.00	0	2
scaffold_1399	17227	190	0.01	0	10
scaffold_1400	17225	896	0.05	0	3
scaffold_1402	17205	5014	0.29	0	24
scaffold_1403	17201	2247557	130.66	0	2061
scaffold_1404	17179	368617	21.46	0	197
scaffold_1405	17169	408086	23.77	0	412
scaffold_1406	17155	189169	11.03	0	420
scaffold_1407	17099	563	0.03	0	20
scaffold_1408	17077	350	0.02	0	16
scaffold_1409	17070	614	0.04	0	4
scaffold_1410	17061	238069	13.95	0	302
scaffold_1411	17054	89	0.01	0	1
scaffold_1412	17052	1649	0.10	0	15
scaffold_1413	17048	119324	7.00	0	134
scaffold_1414	17030	260853	15.32	0	320
scaffold_1415	17029	38	0.00	0	2
scaffold_1416	17018	600	0.04	0	4
scaffold_1418	17013	1046	0.06	0	6
scaffold_1420	16978	1615	0.10	0	12
scaffold_1421	16973	2199628	129.60	0	1201
scaffold_1422	16958	2401	0.14	0	11
scaffold_1423	16955	165257	9.75	0	106
scaffold_1424	16951	885602	52.24	0	1143
scaffold_1425	16950	1152906	68.02	0	1818
scaffold_1426	16941	1834448	108.28	0	714
scaffold_1427	16939	669791	39.54	0	795
scaffold_1428	16935	6030	0.36	0	52
scaffold_1429	16931	50472	2.98	0	175
scaffold_1430	16926	776919	45.90	0	516
scaffold_1431	16919	176	0.01	0	1
scaffold_1432	16917	664648	39.29	0	451
scaffold_1433	16916	148256	8.76	0	157
scaffold_1435	16890	659818	39.07	0	234
scaffold_1436	16887	311039	18.42	0	263
scaffold_1437	16860	166299	9.86	0	150
scaffold_1438	16834	441730	26.24	0	188
scaffold_1439	16827	280	0.02	0	2
scaffold_1440	16821	17438	1.04	0	11
scaffold_1442	16808	25817	1.54	0	35
scaffold_1443	16806	744	0.04	0	10
scaffold_1444	16800	598	0.04	0	2
scaffold_1445	16780	177793	10.60	0	70
scaffold_1447	16734	362189	21.64	0	230
scaffold_1448	16733	742899	44.40	0	252
scaffold_1450	16715	18128939	1084.59	0	13885
scaffold_1452	16715	484	0.03	0	4
scaffold_1453	16706	58	0.00	0	1
scaffold_1454	16703	1400909	83.87	0	894
scaffold_1455	16662	2818	0.17	0	20
scaffold_1456	16642	2513314	151.02	0	1561
scaffold_1457	16619	312602	18.81	0	707
scaffold_1458	16617	77	0.00	0	1
scaffold_1459	16608	827300	49.81	0	797
scaffold_1460	16589	1210	0.07	0	8
scaffold_1461	16583	737078	44.45	0	1013
scaffold_1462	16581	38487	2.32	0	35
scaffold_1463	16545	13975	0.84	0	15
scaffold_1465	16515	669806	40.56	0	361
scaffold_1467	16504	419791	25.44	0	244
scaffold_1469	16482	787	0.05	0	33
scaffold_1470	16481	509664	30.92	0	614
scaffold_1471	16476	229121	13.91	0	126
scaffold_1472	16460	14449	0.88	0	32
scaffold_1473	16435	33581	2.04	0	151
scaffold_1475	16412	536	0.03	0	2
scaffold_1476	16410	300	0.02	0	2
scaffold_1477	16404	300	0.02	0	2
scaffold_1478	16398	358	0.02	0	2
scaffold_1479	16394	5149826	314.13	0	8136
scaffold_1480	16390	90	0.01	0	1
scaffold_1481	16386	430857	26.29	0	422
scaffold_1482	16381	318856	19.46	0	259
scaffold_1483	16380	338090	20.64	0	279
scaffold_1484	16370	1484	0.09	0	6
scaffold_1485	16365	433	0.03	0	17
scaffold_1486	16338	946930	57.96	0	514
scaffold_1487	16336	344651	21.10	0	214
scaffold_1489	16325	303441	18.59	0	171
scaffold_1490	16324	600	0.04	0	4
scaffold_1491	16314	1152	0.07	0	4
scaffold_1492	16293	3570	0.22	0	5
scaffold_1493	16289	42	0.00	0	1
scaffold_1494	16280	9970	0.61	0	8
scaffold_1495	16265	348	0.02	0	4
scaffold_1496	16261	424485	26.10	0	244
scaffold_1497	16257	942	0.06	0	6
scaffold_1498	16217	282	0.02	0	4
scaffold_1499	16215	2137	0.13	0	3
scaffold_1500	16210	1014744	62.60	0	1521
scaffold_1501	16207	1731610	106.84	0	1057
scaffold_1502	16204	769	0.05	0	40
scaffold_1503	16202	654	0.04	0	2
scaffold_1504	16189	14050054	867.88	0	28995
scaffold_1506	16182	593075	36.65	0	1478
scaffold_1507	16179	300	0.02	0	2
scaffold_1508	16163	757977	46.90	0	254
scaffold_1510	16151	11484	0.71	0	11
scaffold_1511	16128	1265288	78.45	0	509
scaffold_1512	16113	1497	0.09	0	10
scaffold_1513	16106	626124	38.88	0	367
scaffold_1514	16092	964700	59.95	0	2041
scaffold_1515	16073	332702	20.70	0	284
scaffold_1516	16069	645685	40.18	0	547
scaffold_1517	16068	979051	60.93	0	693
scaffold_1519	16058	1648673	102.67	0	2518
scaffold_1521	16015	217207	13.56	0	215
scaffold_1522	16004	131516	8.22	0	375
scaffold_1523	15999	11917	0.74	0	12
scaffold_1524	15996	260382	16.28	0	655
scaffold_1525	15969	1153	0.07	0	2
scaffold_1527	15932	5651502	354.73	0	5639
scaffold_1529	15883	612	0.04	0	5
scaffold_1530	15853	606	0.04	0	22
scaffold_1531	15804	538401	34.07	0	633
scaffold_1532	15777	282	0.02	0	3
scaffold_1533	15766	150	0.01	0	1
scaffold_1534	15753	872	0.06	0	6
scaffold_1535	15750	1950790	123.86	0	1406
scaffold_1536	15743	279307	17.74	0	176
scaffold_1537	15702	900	0.06	0	2
scaffold_1538	15700	71393	4.55	0	59
scaffold_1539	15695	51	0.00	0	1
scaffold_1540	15686	76	0.00	0	4
scaffold_1541	15683	3942	0.25	0	4
scaffold_1543	15662	57489	3.67	0	50
scaffold_1544	15660	6117865	390.67	0	10438
scaffold_1547	15614	494	0.03	0	26
scaffold_1548	15611	3038	0.19	0	151
scaffold_1549	15610	455130	29.16	0	401
scaffold_1550	15610	2115558	135.53	0	1850
scaffold_1551	15609	1294293	82.92	0	3361
scaffold_1552	15594	369217	23.68	0	187
scaffold_1553	15593	722100	46.31	0	536
scaffold_1554	15564	388816	24.98	0	477
scaffold_1555	15564	459460	29.52	0	252
scaffold_1557	15553	4698	0.30	0	6
scaffold_1558	15541	77	0.00	0	2
scaffold_1559	15534	57	0.00	0	3
scaffold_1561	15474	640	0.04	0	32
scaffold_1562	15462	59896	3.87	0	121
scaffold_1563	15460	958	0.06	0	21
scaffold_1564	15448	6094	0.39	0	11
scaffold_1566	15440	200	0.01	0	2
scaffold_1568	15414	198	0.01	0	3
scaffold_1571	15362	1208214	78.65	0	576
scaffold_1572	15360	144263	9.39	0	242
scaffold_1574	15348	39572	2.58	0	58
scaffold_1575	15334	152	0.01	0	8
scaffold_1576	15331	676891	44.15	0	327
scaffold_1577	15314	696205	45.46	0	1199
scaffold_1579	15267	38	0.00	0	2
scaffold_1580	15265	3781159	247.70	0	3381
scaffold_1581	15246	468	0.03	0	4
scaffold_1582	15239	7648	0.50	0	36
scaffold_1584	15234	563	0.04	0	10
scaffold_1586	15211	547154	35.97	0	168
scaffold_1587	15189	2568921	169.13	0	3016
scaffold_1588	15185	96208	6.34	0	77
scaffold_1589	15185	79	0.01	0	2
scaffold_1590	15160	15692	1.04	0	11
scaffold_1592	15145	406	0.03	0	4
scaffold_1593	15105	1337629	88.56	0	980
scaffold_1594	15096	943	0.06	0	3
scaffold_1596	15086	406	0.03	0	4
scaffold_1597	15083	152	0.01	0	8
scaffold_1599	15072	58120	3.86	0	139
scaffold_1600	15062	3729	0.25	0	31
scaffold_1601	15054	76188	5.06	0	97
scaffold_1603	15042	1792	0.12	0	94
scaffold_1605	15023	244996	16.31	0	129
scaffold_1608	15000	545	0.04	0	1
scaffold_1609	14992	99	0.01	0	1
scaffold_1610	14988	150	0.01	0	1
scaffold_1611	14988	198303	13.23	0	136
scaffold_1612	14983	176722	11.79	0	102
scaffold_1614	14967	70	0.00	0	1
scaffold_1615	14950	602	0.04	0	4
scaffold_1617	14939	13689	0.92	0	10
scaffold_1618	14938	35490	2.38	0	79
scaffold_1619	14936	2083877	139.52	0	3291
scaffold_1620	14934	110	0.01	0	2
scaffold_1622	14924	1022563	68.52	0	1642
scaffold_1623	14924	1064	0.07	0	50
scaffold_1624	14924	175164	11.74	0	89
scaffold_1625	14915	1985	0.13	0	6
scaffold_1627	14875	1040	0.07	0	6
scaffold_1628	14859	3882	0.26	0	16
scaffold_1630	14830	1207106	81.40	0	1362
scaffold_1631	14824	821617	55.42	0	606
scaffold_1632	14820	248	0.02	0	2
scaffold_1633	14812	395508	26.70	0	302
scaffold_1634	14812	1838411	124.12	0	612
scaffold_1635	14809	245711	16.59	0	197
scaffold_1636	14808	4335436	292.78	0	3380
scaffold_1637	14794	336597	22.75	0	211
scaffold_1638	14768	600	0.04	0	2
scaffold_1639	14760	1300211	88.09	0	835
scaffold_1640	14740	69987	4.75	0	395
scaffold_1641	14734	2806681	190.49	0	8584
scaffold_1642	14734	2336025	158.55	0	1596
scaffold_1643	14724	540190	36.69	0	1026
scaffold_1644	14709	115670	7.86	0	157
scaffold_1646	14694	2425	0.17	0	8
scaffold_1647	14691	7381	0.50	0	47
scaffold_1648	14680	1200097	81.75	0	409
scaffold_1650	14663	766553	52.28	0	700
scaffold_1651	14655	428483	29.24	0	567
scaffold_1652	14652	8308	0.57	0	10
scaffold_1653	14612	994965	68.09	0	1555
scaffold_1654	14610	3772600	258.22	0	2543
scaffold_1655	14603	825885	56.56	0	927
scaffold_1657	14580	112807	7.74	0	142
scaffold_1658	14563	333	0.02	0	2
scaffold_1659	14560	1759069	120.82	0	1560
scaffold_1661	14520	1012887	69.76	0	987
scaffold_1662	14520	16824	1.16	0	12
scaffold_1663	14518	5187	0.36	0	17
scaffold_1664	14512	1433271	98.76	0	917
scaffold_1665	14456	1310545	90.66	0	844
scaffold_1666	14447	575710	39.85	0	943
scaffold_1669	14371	2578	0.18	0	4
scaffold_1670	14359	1497566	104.29	0	1382
scaffold_1671	14353	3058	0.21	0	3
scaffold_1672	14345	196340	13.69	0	147
scaffold_1673	14340	2281432	159.10	0	4214
scaffold_1674	14338	564272	39.36	0	1314
scaffold_1676	14318	850	0.06	0	3
scaffold_1677	14310	16777	1.17	0	76
scaffold_1678	14307	590705	41.29	0	188
scaffold_1679	14299	1536	0.11	0	16
scaffold_1680	14288	894707	62.62	0	301
scaffold_1681	14271	2383923	167.05	0	6828
scaffold_1682	14258	385817	27.06	0	233
scaffold_1683	14254	504663	35.41	0	554
scaffold_1684	14244	7709	0.54	0	27
scaffold_1685	14239	927985	65.17	0	756
scaffold_1686	14235	151163	10.62	0	430
scaffold_1687	14234	1518	0.11	0	52
scaffold_1688	14218	294400	20.71	0	119
scaffold_1689	14215	689639	48.51	0	389
scaffold_1690	14211	29714	2.09	0	20
scaffold_1691	14211	2625	0.18	0	6
scaffold_1692	14208	3157	0.22	0	6
scaffold_1693	14181	4717	0.33	0	166
scaffold_1694	14154	40	0.00	0	2
scaffold_1695	14150	178229	12.60	0	320
scaffold_1696	14148	76	0.01	0	4
scaffold_1697	14147	536	0.04	0	2
scaffold_1698	14146	210723	14.90	0	280
scaffold_1699	14146	1873668	132.45	0	5132
scaffold_1700	14143	971049	68.66	0	658
scaffold_1701	14130	8197	0.58	0	15
scaffold_1702	14126	1184429	83.85	0	3081
scaffold_1703	14118	362573	25.68	0	245
scaffold_1705	14116	16392	1.16	0	19
scaffold_1706	14111	17485	1.24	0	17
scaffold_1707	14110	50426	3.57	0	82
scaffold_1708	14105	157837	11.19	0	159
scaffold_1710	14086	1026830	72.90	0	457
scaffold_1711	14083	136	0.01	0	2
scaffold_1712	14073	261	0.02	0	5
scaffold_1715	14038	245	0.02	0	5
scaffold_1716	14038	9298	0.66	0	16
scaffold_1717	14031	1356	0.10	0	60
scaffold_1718	14028	750	0.05	0	3
scaffold_1719	14004	13429	0.96	0	13
scaffold_1720	14002	376868	26.92	0	266
scaffold_1721	13997	212061	15.15	0	239
scaffold_1723	13969	38	0.00	0	1
scaffold_1724	13966	644228	46.13	0	675
scaffold_1725	13964	2458	0.18	0	3
scaffold_1726	13943	225286	16.16	0	235
scaffold_1727	13935	1874916	134.55	0	3564
scaffold_1728	13932	16677	1.20	0	74
scaffold_1729	13929	13279	0.95	0	13
scaffold_1730	13927	731960	52.56	0	496
scaffold_1731	13922	600	0.04	0	1
scaffold_1732	13915	468178	33.65	0	243
scaffold_1733	13912	334	0.02	0	1
scaffold_1734	13898	3955399	284.60	0	6419
scaffold_1735	13897	106507	7.66	0	103
scaffold_1736	13884	669	0.05	0	2
scaffold_1737	13876	3881	0.28	0	6
scaffold_1738	13873	1413	0.10	0	74
scaffold_1739	13871	200	0.01	0	10
scaffold_1740	13849	20880	1.51	0	12
scaffold_1742	13811	813862	58.93	0	315
scaffold_1745	13789	7269	0.53	0	13
scaffold_1746	13787	933277	67.69	0	694
scaffold_1747	13779	1220	0.09	0	42
scaffold_1748	13778	217186	15.76	0	194
scaffold_1749	13776	1976	0.14	0	104
scaffold_1750	13774	68728	4.99	0	85
scaffold_1752	13767	876	0.06	0	5
scaffold_1753	13760	4548	0.33	0	4
scaffold_1754	13752	268957	19.56	0	207
scaffold_1756	13731	35341	2.57	0	62
scaffold_1757	13728	627	0.05	0	4
scaffold_1758	13712	266850	19.46	0	249
scaffold_1759	13689	942368	68.84	0	822
scaffold_1764	13660	27707	2.03	0	23
scaffold_1765	13653	302461	22.15	0	203
scaffold_1766	13653	4336	0.32	0	9
scaffold_1767	13628	2782770	204.20	0	10063
scaffold_1768	13620	630677	46.31	0	377
scaffold_1769	13617	1196909	87.90	0	562
scaffold_1770	13606	65573	4.82	0	123
scaffold_1772	13595	14217	1.05	0	13
scaffold_1773	13592	1505	0.11	0	14
scaffold_1774	13588	778864	57.32	0	1458
scaffold_1776	13572	441568	32.54	0	637
scaffold_1777	13571	152	0.01	0	8
scaffold_1779	13565	11796	0.87	0	11
scaffold_1780	13557	2708	0.20	0	40
scaffold_1781	13554	622310	45.91	0	635
scaffold_1782	13533	276	0.02	0	6
scaffold_1783	13527	347650	25.70	0	315
scaffold_1784	13522	1082989	80.09	0	549
scaffold_1787	13488	1497	0.11	0	12
scaffold_1788	13480	231400	17.17	0	545
scaffold_1789	13475	2631	0.20	0	13
scaffold_1791	13464	1871	0.14	0	6
scaffold_1792	13460	150	0.01	0	1
scaffold_1793	13454	1032	0.08	0	6
scaffold_1794	13450	371969	27.66	0	182
scaffold_1796	13449	474	0.04	0	2
scaffold_1798	13444	623495	46.38	0	234
scaffold_1799	13410	192442	14.35	0	128
scaffold_1800	13398	5211	0.39	0	12
scaffold_1801	13391	304	0.02	0	16
scaffold_1802	13391	38	0.00	0	2
scaffold_1803	13388	3159	0.24	0	7
scaffold_1805	13374	62389	4.66	0	195
scaffold_1806	13366	1955409	146.30	0	1142
scaffold_1807	13350	537416	40.26	0	1032
scaffold_1808	13349	6509	0.49	0	8
scaffold_1809	13346	28360	2.12	0	61
scaffold_1810	13345	5975	0.45	0	11
scaffold_1811	13344	542527	40.66	0	604
scaffold_1812	13343	707	0.05	0	4
scaffold_1813	13339	436780	32.74	0	317
scaffold_1814	13338	234	0.02	0	3
scaffold_1816	13308	13923	1.05	0	14
scaffold_1817	13305	285	0.02	0	15
scaffold_1818	13305	263	0.02	0	2
scaffold_1819	13303	17454	1.31	0	12
scaffold_1820	13302	2045	0.15	0	16
scaffold_1821	13300	772605	58.09	0	424
scaffold_1823	13293	352	0.03	0	2
scaffold_1824	13285	1648	0.12	0	6
scaffold_1825	13283	276	0.02	0	2
scaffold_1826	13276	834982	62.89	0	368
scaffold_1827	13271	12401	0.93	0	11
scaffold_1828	13251	4857	0.37	0	14
scaffold_1829	13238	150	0.01	0	1
scaffold_1831	13220	14014	1.06	0	12
scaffold_1832	13217	139183	10.53	0	209
scaffold_1833	13215	298	0.02	0	2
scaffold_1834	13208	688	0.05	0	18
scaffold_1837	13184	568	0.04	0	2
scaffold_1838	13180	743	0.06	0	5
scaffold_1840	13167	386396	29.35	0	349
scaffold_1841	13158	557777	42.39	0	349
scaffold_1842	13154	82941	6.31	0	148
scaffold_1843	13141	4192	0.32	0	10
scaffold_1844	13122	646	0.05	0	34
scaffold_1845	13118	6693	0.51	0	8
scaffold_1846	13107	5523	0.42	0	9
scaffold_1847	13100	2856	0.22	0	4
scaffold_1848	13093	1652	0.13	0	8
scaffold_1849	13089	550087	42.03	0	1585
scaffold_1850	13078	5583	0.43	0	8
scaffold_1851	13068	11929	0.91	0	11
scaffold_1852	13066	658	0.05	0	4
scaffold_1853	13054	1219	0.09	0	22
scaffold_1855	13050	12482	0.96	0	11
scaffold_1857	13044	14993	1.15	0	15
scaffold_1858	13041	190744	14.63	0	125
scaffold_1859	13031	2325	0.18	0	3
scaffold_1860	13028	466191	35.78	0	549
scaffold_1861	13020	1004	0.08	0	14
scaffold_1862	13018	486154	37.34	0	212
scaffold_1863	13013	124	0.01	0	1
scaffold_1864	13011	393	0.03	0	3
scaffold_1865	12999	75446	5.80	0	119
scaffold_1866	12996	1888	0.15	0	2
scaffold_1867	12993	1670	0.13	0	8
scaffold_1869	12967	586	0.05	0	5
scaffold_1870	12965	7007	0.54	0	110
scaffold_1875	12934	8266	0.64	0	6
scaffold_1876	12931	1445456	111.78	0	1423
scaffold_1877	12914	12996	1.01	0	19
scaffold_1878	12906	134954	10.46	0	59
scaffold_1879	12901	15582	1.21	0	14
scaffold_1880	12899	3166	0.25	0	18
scaffold_1881	12892	2068	0.16	0	4
scaffold_1883	12883	588	0.05	0	4
scaffold_1884	12868	4032013	313.34	0	3519
scaffold_1885	12864	3916	0.30	0	8
scaffold_1886	12850	714	0.06	0	6
scaffold_1888	12830	49839	3.88	0	161
scaffold_1889	12826	5033	0.39	0	7
scaffold_1890	12826	12956	1.01	0	17
scaffold_1892	12816	13799	1.08	0	13
scaffold_1894	12796	325809	25.46	0	224
scaffold_1895	12795	13493	1.05	0	14
scaffold_1896	12780	4248	0.33	0	16
scaffold_1897	12777	912	0.07	0	48
scaffold_1900	12739	1245	0.10	0	3
scaffold_1901	12707	953044	75.00	0	595
scaffold_1902	12704	107832	8.49	0	128
scaffold_1903	12702	5239	0.41	0	17
scaffold_1904	12690	390	0.03	0	3
scaffold_1906	12677	3141	0.25	0	3
scaffold_1907	12675	276767	21.84	0	280
scaffold_1908	12674	1639	0.13	0	7
scaffold_1909	12649	160	0.01	0	8
scaffold_1910	12645	10004	0.79	0	16
scaffold_1911	12638	14046	1.11	0	11
scaffold_1913	12610	1245074	98.74	0	2119
scaffold_1915	12600	95	0.01	0	2
scaffold_1916	12575	366	0.03	0	18
scaffold_1917	12572	264	0.02	0	6
scaffold_1918	12557	58	0.00	0	1
scaffold_1920	12535	559064	44.60	0	405
scaffold_1921	12526	475	0.04	0	2
scaffold_1922	12522	138528	11.06	0	92
scaffold_1923	12515	1132	0.09	0	6
scaffold_1924	12511	86546	6.92	0	70
scaffold_1925	12510	86	0.01	0	2
scaffold_1926	12506	522310	41.76	0	830
scaffold_1927	12500	1200	0.10	0	4
scaffold_1929	12478	376	0.03	0	2
scaffold_1930	12478	481117	38.56	0	560
scaffold_1932	12473	788282	63.20	0	641
scaffold_1933	12470	1340	0.11	0	7
scaffold_1934	12461	573	0.05	0	23
scaffold_1936	12453	1712	0.14	0	4
scaffold_1939	12440	15453	1.24	0	11
scaffold_1940	12440	77	0.01	0	1
scaffold_1942	12427	1758	0.14	0	28
scaffold_1943	12421	3388	0.27	0	16
scaffold_1944	12418	2408610	193.96	0	3837
scaffold_1950	12331	7330	0.59	0	7
scaffold_1952	12327	385570	31.28	0	435
scaffold_1953	12310	150	0.01	0	1
scaffold_1955	12299	15090	1.23	0	22
scaffold_1956	12295	13007	1.06	0	9
scaffold_1957	12284	600	0.05	0	3
scaffold_1958	12284	1269	0.10	0	6
scaffold_1959	12282	193196	15.73	0	239
scaffold_1960	12279	48886	3.98	0	96
scaffold_1961	12268	12084	0.99	0	86
scaffold_1962	12264	1986514	161.98	0	2608
scaffold_1963	12263	610324	49.77	0	433
scaffold_1964	12251	4860	0.40	0	7
scaffold_1965	12242	18848	1.54	0	51
scaffold_1966	12237	158	0.01	0	1
scaffold_1970	12224	575	0.05	0	3
scaffold_1972	12214	13873	1.14	0	11
scaffold_1973	12213	341557	27.97	0	450
scaffold_1974	12210	1245064	101.97	0	722
scaffold_1975	12210	1689	0.14	0	18
scaffold_1976	12208	174442	14.29	0	153
scaffold_1977	12208	2052234	168.11	0	1136
scaffold_1978	12204	12345	1.01	0	27
scaffold_1979	12189	131445	10.78	0	381
scaffold_1980	12186	44761	3.67	0	68
scaffold_1981	12143	266	0.02	0	14
scaffold_1983	12132	1371	0.11	0	6
scaffold_1984	12119	2100	0.17	0	4
scaffold_1987	12101	411798	34.03	0	374
scaffold_1988	12100	150	0.01	0	1
scaffold_1989	12098	140	0.01	0	1
scaffold_1991	12090	1861890	154.00	0	845
scaffold_1992	12087	2420	0.20	0	4
scaffold_1995	12072	717	0.06	0	2
scaffold_1997	12055	600	0.05	0	4
scaffold_1998	12050	11704	0.97	0	11
scaffold_1999	12048	22847	1.90	0	33
scaffold_2000	12044	3565	0.30	0	8
scaffold_2001	12037	110	0.01	0	1
scaffold_2003	12013	833	0.07	0	29
scaffold_2004	12011	1175	0.10	0	8
scaffold_2005	11994	10860	0.91	0	13
scaffold_2006	11989	12357	1.03	0	23
scaffold_2007	11976	235	0.02	0	1
scaffold_2009	11968	3268	0.27	0	4
scaffold_2010	11968	698311	58.35	0	1531
scaffold_2012	11943	229556	19.22	0	106
scaffold_2013	11942	120	0.01	0	4
scaffold_2014	11939	13664	1.14	0	11
scaffold_2015	11935	1507814	126.34	0	1493
scaffold_2016	11912	300	0.03	0	1
scaffold_2017	11912	600	0.05	0	4
scaffold_2018	11910	155	0.01	0	2
scaffold_2019	11900	155218	13.04	0	203
scaffold_2021	11887	981645	82.58	0	790
scaffold_2024	11866	188	0.02	0	2
scaffold_2025	11856	12507	1.05	0	10
scaffold_2026	11854	123511	10.42	0	241
scaffold_2027	11850	545176	46.01	0	390
scaffold_2028	11843	92	0.01	0	4
scaffold_2029	11842	346350	29.25	0	147
scaffold_2030	11840	1333	0.11	0	4
scaffold_2031	11834	1003619	84.81	0	1962
scaffold_2033	11831	1894	0.16	0	10
scaffold_2034	11826	4062	0.34	0	170
scaffold_2035	11812	1236877	104.71	0	1792
scaffold_2037	11804	1348098	114.21	0	2229
scaffold_2038	11793	152	0.01	0	1
scaffold_2039	11787	38	0.00	0	2
scaffold_2040	11778	43	0.00	0	1
scaffold_2042	11774	4549	0.39	0	10
scaffold_2043	11763	456	0.04	0	16
scaffold_2044	11744	15170	1.29	0	18
scaffold_2048	11727	380	0.03	0	2
scaffold_2049	11722	11735	1.00	0	15
scaffold_2053	11718	59	0.01	0	1
scaffold_2054	11716	15658	1.34	0	18
scaffold_2055	11708	142	0.01	0	1
scaffold_2057	11683	247087	21.15	0	280
scaffold_2058	11676	4393	0.38	0	7
scaffold_2059	11671	12839	1.10	0	12
scaffold_2060	11666	2886295	247.41	0	2741
scaffold_2062	11662	76	0.01	0	4
scaffold_2063	11658	3363524	288.52	0	2562
scaffold_2064	11658	76	0.01	0	4
scaffold_2065	11654	629	0.05	0	3
scaffold_2066	11653	2033	0.17	0	8
scaffold_2067	11648	728377	62.53	0	416
scaffold_2068	11641	187420	16.10	0	133
scaffold_2069	11631	756	0.06	0	8
scaffold_2070	11618	58	0.00	0	2
scaffold_2072	11604	241	0.02	0	4
scaffold_2073	11598	1344	0.12	0	5
scaffold_2074	11593	104218	8.99	0	107
scaffold_2075	11576	160	0.01	0	8
scaffold_2076	11574	1388	0.12	0	3
scaffold_2077	11571	1080	0.09	0	8
scaffold_2079	11561	1309	0.11	0	4
scaffold_2081	11560	865117	74.84	0	761
scaffold_2085	11541	150	0.01	0	1
scaffold_2086	11540	7026	0.61	0	13
scaffold_2088	11517	1701696	147.76	0	1425
scaffold_2089	11515	355	0.03	0	2
scaffold_2090	11512	450	0.04	0	3
scaffold_2091	11505	13600	1.18	0	14
scaffold_2094	11464	585119	51.04	0	282
scaffold_2096	11453	152	0.01	0	8
scaffold_2098	11423	160	0.01	0	8
scaffold_2099	11420	660221	57.81	0	365
scaffold_2101	11412	4663	0.41	0	7
scaffold_2102	11410	318	0.03	0	3
scaffold_2104	11408	300	0.03	0	2
scaffold_2109	11378	2563027	225.26	0	7054
scaffold_2112	11346	300	0.03	0	2
scaffold_2113	11340	964	0.09	0	48
scaffold_2114	11327	546	0.05	0	10
scaffold_2115	11324	1121	0.10	0	6
scaffold_2116	11323	4523	0.40	0	8
scaffold_2117	11316	15232	1.35	0	15
scaffold_2118	11300	38	0.00	0	2
scaffold_2119	11293	76	0.01	0	4
scaffold_2121	11266	58	0.01	0	1
scaffold_2122	11266	150	0.01	0	1
scaffold_2124	11238	220182	19.59	0	393
scaffold_2125	11234	2628	0.23	0	13
scaffold_2127	11198	450	0.04	0	2
scaffold_2128	11190	13822	1.24	0	11
scaffold_2131	11179	2684	0.24	0	4
scaffold_2133	11167	10163	0.91	0	13
scaffold_2134	11163	107954	9.67	0	111
scaffold_2135	11161	9027	0.81	0	10
scaffold_2136	11151	3516	0.32	0	5
scaffold_2138	11138	2310673	207.46	0	2994
scaffold_2139	11134	676	0.06	0	4
scaffold_2140	11132	3646	0.33	0	12
scaffold_2141	11131	10852	0.97	0	14
scaffold_2142	11122	587	0.05	0	4
scaffold_2143	11117	300	0.03	0	2
scaffold_2144	11096	266	0.02	0	14
scaffold_2145	11096	9397	0.85	0	10
scaffold_2146	11094	862025	77.70	0	1563
scaffold_2149	11072	8826	0.80	0	9
scaffold_2152	11061	1692570	153.02	0	936
scaffold_2153	11054	1498	0.14	0	8
scaffold_2154	11047	10193	0.92	0	8
scaffold_2155	11037	9935	0.90	0	12
scaffold_2156	11031	2965530	268.84	0	5637
scaffold_2158	10983	96	0.01	0	1
scaffold_2159	10965	4046	0.37	0	6
scaffold_2160	10965	374	0.03	0	2
scaffold_2161	10964	358	0.03	0	2
scaffold_2162	10962	97762	8.92	0	64
scaffold_2163	10958	27835	2.54	0	40
scaffold_2164	10948	17715	1.62	0	17
scaffold_2165	10932	12077	1.10	0	11
scaffold_2171	10909	570	0.05	0	30
scaffold_2175	10883	5887	0.54	0	9
scaffold_2176	10857	295	0.03	0	2
scaffold_2177	10844	600	0.06	0	4
scaffold_2178	10842	13174	1.22	0	14
scaffold_2179	10838	9924	0.92	0	19
scaffold_2180	10831	900	0.08	0	4
scaffold_2183	10802	922867	85.43	0	1020
scaffold_2188	10760	48212	4.48	0	154
scaffold_2190	10750	1255	0.12	0	5
scaffold_2193	10708	226	0.02	0	2
scaffold_2195	10688	1994	0.19	0	4
scaffold_2196	10687	2011	0.19	0	3
scaffold_2199	10677	9510	0.89	0	8
scaffold_2200	10674	14937	1.40	0	16
scaffold_2201	10673	350379	32.83	0	190
scaffold_2203	10663	38668	3.63	0	87
scaffold_2204	10662	150	0.01	0	1
scaffold_2206	10652	5424	0.51	0	7
scaffold_2207	10640	207659	19.52	0	170
scaffold_2208	10610	3456	0.33	0	26
scaffold_2210	10583	14254	1.35	0	98
scaffold_2211	10580	600	0.06	0	2
scaffold_2212	10567	12543	1.19	0	12
scaffold_2213	10556	5475	0.52	0	27
scaffold_2214	10543	3502	0.33	0	6
scaffold_2216	10530	2411	0.23	0	5
scaffold_2219	10523	379	0.04	0	1
scaffold_2222	10519	1269	0.12	0	6
scaffold_2224	10502	7702	0.73	0	15
scaffold_2225	10483	238770	22.78	0	472
scaffold_2226	10482	1649674	157.38	0	3577
scaffold_2227	10478	90	0.01	0	1
scaffold_2228	10476	276014	26.35	0	552
scaffold_2229	10471	11708	1.12	0	31
scaffold_2230	10471	16463	1.57	0	17
scaffold_2231	10467	1703	0.16	0	88
scaffold_2233	10459	601	0.06	0	2
scaffold_2235	10432	7877	0.76	0	9
scaffold_2236	10418	4156	0.40	0	9
scaffold_2237	10412	561	0.05	0	3
scaffold_2238	10411	6965	0.67	0	10
scaffold_2239	10409	10787	1.04	0	19
scaffold_2240	10407	20973	2.02	0	39
scaffold_2241	10401	59	0.01	0	1
scaffold_2242	10382	13878	1.34	0	15
scaffold_2245	10365	83763	8.08	0	231
scaffold_2247	10363	376	0.04	0	2
scaffold_2248	10361	1114117	107.53	0	2412
scaffold_2250	10342	465437	45.00	0	256
scaffold_2252	10337	116	0.01	0	4
scaffold_2253	10332	1634	0.16	0	84
scaffold_2254	10328	9708	0.94	0	28
scaffold_2256	10323	80	0.01	0	4
scaffold_2257	10322	108732	10.53	0	397
scaffold_2258	10305	49665	4.82	0	57
scaffold_2260	10298	67297	6.53	0	300
scaffold_2261	10284	1687	0.16	0	87
scaffold_2262	10270	2150	0.21	0	5
scaffold_2263	10270	861878	83.92	0	1098
scaffold_2264	10263	651	0.06	0	2
scaffold_2267	10228	2529	0.25	0	5
scaffold_2268	10228	300	0.03	0	2
scaffold_2269	10227	3885	0.38	0	5
scaffold_2270	10225	4030736	394.20	0	4789
scaffold_2271	10222	2173	0.21	0	4
scaffold_2272	10213	15120	1.48	0	13
scaffold_2273	10197	4270	0.42	0	9
scaffold_2276	10179	5541	0.54	0	9
scaffold_2277	10172	245622	24.15	0	190
scaffold_2278	10164	9189	0.90	0	12
scaffold_2279	10152	42	0.00	0	2
scaffold_2281	10146	838158	82.61	0	827
scaffold_2282	10143	783	0.08	0	40
scaffold_2284	10140	821	0.08	0	4
scaffold_2285	10139	291495	28.75	0	178
scaffold_2289	10114	3217	0.32	0	4
scaffold_2290	10113	1770	0.18	0	6
scaffold_2291	10111	1877	0.19	0	4
scaffold_2292	10103	190957	18.90	0	607
scaffold_2293	10093	1143	0.11	0	7
scaffold_2297	10067	38	0.00	0	2
scaffold_2298	10063	4095	0.41	0	6
scaffold_2300	10055	1240	0.12	0	4
scaffold_2301	10046	3649	0.36	0	4
scaffold_2302	10044	2950	0.29	0	4
scaffold_2303	10030	778	0.08	0	4
scaffold_2305	10009	1392494	139.12	0	1414
scaffold_2309	9958	8168	0.82	0	9
scaffold_2310	9956	120	0.01	0	3
scaffold_2311	9952	13712	1.38	0	12
scaffold_2313	9941	34256	3.45	0	126
scaffold_2319	9929	150	0.02	0	1
scaffold_2320	9927	8669	0.87	0	11
scaffold_2321	9925	3590	0.36	0	4
scaffold_2323	9924	1397	0.14	0	5
scaffold_2326	9908	2585	0.26	0	14
scaffold_2327	9905	47	0.00	0	1
scaffold_2328	9897	40	0.00	0	2
scaffold_2329	9893	2837	0.29	0	6
scaffold_2331	9880	900	0.09	0	6
scaffold_2332	9878	160207	16.22	0	643
scaffold_2333	9870	2283	0.23	0	10
scaffold_2334	9865	4562	0.46	0	6
scaffold_2336	9863	300	0.03	0	2
scaffold_2337	9856	272293	27.63	0	345
scaffold_2338	9850	622806	63.23	0	649
scaffold_2341	9833	2857933	290.65	0	3329
scaffold_2343	9819	117925	12.01	0	157
scaffold_2344	9817	295	0.03	0	2
scaffold_2345	9813	3311056	337.42	0	2969
scaffold_2346	9813	1312	0.13	0	56
scaffold_2348	9803	1129	0.12	0	40
scaffold_2351	9779	10818	1.11	0	19
scaffold_2353	9769	318204	32.57	0	262
scaffold_2355	9761	1600	0.16	0	11
scaffold_2356	9758	451482	46.27	0	248
scaffold_2358	9754	828665	84.96	0	494
scaffold_2359	9752	150532	15.44	0	748
scaffold_2360	9745	1569	0.16	0	4
scaffold_2361	9735	340	0.03	0	5
scaffold_2363	9724	857572	88.19	0	623
scaffold_2364	9724	1048	0.11	0	20
scaffold_2365	9723	215335	22.15	0	251
scaffold_2366	9721	1290	0.13	0	8
scaffold_2367	9696	188	0.02	0	2
scaffold_2369	9688	1348185	139.16	0	1156
scaffold_2370	9686	1084930	112.01	0	1386
scaffold_2371	9685	73628	7.60	0	104
scaffold_2372	9681	693027	71.59	0	322
scaffold_2373	9668	16130	1.67	0	12
scaffold_2374	9667	2608	0.27	0	16
scaffold_2375	9667	11097	1.15	0	14
scaffold_2376	9654	47952	4.97	0	82
scaffold_2380	9579	437	0.05	0	2
scaffold_2381	9577	300	0.03	0	1
scaffold_2382	9573	2720	0.28	0	4
scaffold_2383	9569	149167	15.59	0	123
scaffold_2384	9566	1500	0.16	0	7
scaffold_2387	9548	150	0.02	0	1
scaffold_2390	9540	6615	0.69	0	11
scaffold_2391	9523	11126	1.17	0	14
scaffold_2392	9520	4854	0.51	0	7
scaffold_2394	9515	3248	0.34	0	5
scaffold_2395	9476	3198	0.34	0	3
scaffold_2397	9463	48603	5.14	0	44
scaffold_2398	9458	4605	0.49	0	10
scaffold_2399	9455	2104	0.22	0	110
scaffold_2400	9455	1470	0.16	0	4
scaffold_2402	9448	438	0.05	0	2
scaffold_2403	9446	2822696	298.82	0	3855
scaffold_2404	9445	302	0.03	0	2
scaffold_2407	9429	150	0.02	0	1
scaffold_2409	9426	38	0.00	0	2
scaffold_2410	9426	300	0.03	0	2
scaffold_2411	9417	644	0.07	0	8
scaffold_2413	9414	1350	0.14	0	4
scaffold_2414	9408	195317	20.76	0	86
scaffold_2415	9407	72856	7.74	0	173
scaffold_2416	9407	596	0.06	0	4
scaffold_2417	9400	300	0.03	0	2
scaffold_2422	9360	300	0.03	0	2
scaffold_2423	9357	106481	11.38	0	183
scaffold_2424	9341	3091	0.33	0	5
scaffold_2426	9329	300290	32.19	0	248
scaffold_2427	9328	14266	1.53	0	14
scaffold_2428	9326	19747	2.12	0	273
scaffold_2432	9303	150	0.02	0	1
scaffold_2433	9301	12032	1.29	0	11
scaffold_2435	9292	2109	0.23	0	14
scaffold_2436	9292	84493	9.09	0	236
scaffold_2438	9283	15431	1.66	0	16
scaffold_2439	9283	3275	0.35	0	7
scaffold_2440	9282	259803	27.99	0	182
scaffold_2441	9266	4841	0.52	0	13
scaffold_2442	9258	87	0.01	0	1
scaffold_2443	9251	514911	55.66	0	369
scaffold_2444	9244	1800	0.19	0	2
scaffold_2445	9243	1431538	154.88	0	1242
scaffold_2446	9236	3348	0.36	0	4
scaffold_2447	9232	2097	0.23	0	4
scaffold_2449	9223	14950	1.62	0	13
scaffold_2450	9216	658	0.07	0	2
scaffold_2451	9211	150	0.02	0	1
scaffold_2452	9199	287723	31.28	0	136
scaffold_2453	9196	10824	1.18	0	12
scaffold_2456	9188	4683	0.51	0	12
scaffold_2457	9187	2998	0.33	0	6
scaffold_2458	9184	1559	0.17	0	64
scaffold_2459	9173	1262	0.14	0	5
scaffold_2460	9172	1392804	151.85	0	4013
scaffold_2461	9172	125486	13.68	0	70
scaffold_2462	9165	340	0.04	0	2
scaffold_2463	9160	174434	19.04	0	632
scaffold_2464	9160	5414	0.59	0	6
scaffold_2466	9152	2587	0.28	0	3
scaffold_2467	9142	2458	0.27	0	15
scaffold_2470	9092	150	0.02	0	1
scaffold_2472	9063	371916	41.04	0	1317
scaffold_2473	9063	515	0.06	0	2
scaffold_2476	9049	428	0.05	0	1
scaffold_2477	9047	2272961	251.24	0	1476
scaffold_2479	9042	511897	56.61	0	246
scaffold_2481	9030	1630720	180.59	0	1090
scaffold_2482	9016	545	0.06	0	3
scaffold_2484	9016	685	0.08	0	5
scaffold_2486	9010	2775225	308.02	0	5579
scaffold_2487	9007	101	0.01	0	1
scaffold_2488	9002	3579	0.40	0	4
scaffold_2493	8964	600	0.07	0	3
scaffold_2494	8957	360	0.04	0	18
scaffold_2495	8952	1364	0.15	0	8
scaffold_2497	8948	1202	0.13	0	8
scaffold_2498	8948	5853	0.65	0	10
scaffold_2499	8938	469	0.05	0	4
scaffold_2500	8920	14408	1.62	0	14
scaffold_2502	8894	3150	0.35	0	4
scaffold_2503	8876	4614	0.52	0	7
scaffold_2504	8863	267585	30.19	0	219
scaffold_2505	8863	80	0.01	0	4
scaffold_2506	8849	455	0.05	0	2
scaffold_2507	8841	2987	0.34	0	5
scaffold_2508	8841	44	0.00	0	1
scaffold_2513	8803	228	0.03	0	8
scaffold_2514	8794	199729	22.71	0	129
scaffold_2515	8793	719	0.08	0	6
scaffold_2516	8792	1160	0.13	0	58
scaffold_2517	8782	40	0.00	0	2
scaffold_2518	8776	682585	77.78	0	648
scaffold_2519	8774	3227	0.37	0	18
scaffold_2521	8741	2245	0.26	0	3
scaffold_2524	8732	223839	25.63	0	826
scaffold_2525	8726	2905	0.33	0	5
scaffold_2527	8716	342	0.04	0	18
scaffold_2528	8709	2848	0.33	0	4
scaffold_2530	8704	587	0.07	0	2
scaffold_2531	8701	341208	39.21	0	572
scaffold_2533	8689	11983	1.38	0	19
scaffold_2534	8673	54	0.01	0	1
scaffold_2536	8669	9890	1.14	0	11
scaffold_2538	8662	2142	0.25	0	4
scaffold_2539	8657	40	0.00	0	2
scaffold_2541	8651	480	0.06	0	24
scaffold_2542	8651	1198	0.14	0	52
scaffold_2543	8650	43	0.00	0	1
scaffold_2544	8648	17680	2.04	0	28
scaffold_2546	8633	264846	30.68	0	279
scaffold_2547	8621	38	0.00	0	2
scaffold_2548	8621	900	0.10	0	2
scaffold_2552	8609	156	0.02	0	2
scaffold_2553	8596	450	0.05	0	3
scaffold_2556	8579	13441	1.57	0	13
scaffold_2559	8547	952111	111.40	0	1268
scaffold_2560	8538	824	0.10	0	4
scaffold_2561	8527	150	0.02	0	1
scaffold_2562	8520	226406	26.57	0	205
scaffold_2563	8511	2909	0.34	0	10
scaffold_2565	8499	264	0.03	0	3
scaffold_2567	8447	15588	1.85	0	13
scaffold_2568	8446	703	0.08	0	14
scaffold_2569	8439	2569	0.30	0	6
scaffold_2570	8437	1544	0.18	0	5
scaffold_2572	8427	1328428	157.64	0	985
scaffold_2573	8427	600	0.07	0	4
scaffold_2576	8400	3395	0.40	0	5
scaffold_2577	8394	147	0.02	0	1
scaffold_2578	8393	38	0.00	0	2
scaffold_2582	8374	150	0.02	0	1
scaffold_2586	8336	206	0.02	0	2
scaffold_2587	8328	2825	0.34	0	3
scaffold_2589	8304	424	0.05	0	2
scaffold_2590	8291	3839	0.46	0	174
scaffold_2591	8278	110	0.01	0	1
scaffold_2592	8278	34132	4.12	0	68
scaffold_2593	8271	2298059	277.85	0	2050
scaffold_2594	8262	1663	0.20	0	9
scaffold_2595	8262	1972	0.24	0	3
scaffold_2599	8218	1017	0.12	0	2
scaffold_2600	8218	950	0.12	0	50
scaffold_2601	8216	12005	1.46	0	16
scaffold_2604	8210	11918	1.45	0	14
scaffold_2605	8209	284819	34.70	0	150
scaffold_2606	8200	4126	0.50	0	14
scaffold_2607	8198	75134	9.16	0	86
scaffold_2608	8198	1350	0.16	0	8
scaffold_2609	8194	1401	0.17	0	3
scaffold_2610	8188	745	0.09	0	5
scaffold_2611	8186	6099	0.75	0	20
scaffold_2612	8155	37	0.00	0	1
scaffold_2615	8145	66941	8.22	0	54
scaffold_2617	8126	8845	1.09	0	22
scaffold_2618	8126	1285	0.16	0	4
scaffold_2619	8124	3337	0.41	0	7
scaffold_2623	8067	8986	1.11	0	9
scaffold_2625	8016	1940	0.24	0	3
scaffold_2626	8008	1731	0.22	0	2
scaffold_2627	8005	2580	0.32	0	8
scaffold_2628	7996	600	0.08	0	2
scaffold_2629	7990	382	0.05	0	18
scaffold_2630	7983	1896	0.24	0	36
scaffold_2633	7956	225234	28.31	0	256
scaffold_2634	7956	379	0.05	0	2
scaffold_2635	7954	80	0.01	0	4
scaffold_2637	7949	211	0.03	0	2
scaffold_2638	7941	188	0.02	0	2
scaffold_2639	7929	360	0.05	0	18
scaffold_2643	7889	750	0.10	0	4
scaffold_2647	7864	2644	0.34	0	4
scaffold_2649	7850	1060	0.14	0	26
scaffold_2651	7838	1128	0.14	0	12
scaffold_2653	7828	2996	0.38	0	4
scaffold_2655	7824	150	0.02	0	1
scaffold_2656	7821	704	0.09	0	2
scaffold_2659	7804	211057	27.04	0	235
scaffold_2661	7787	150	0.02	0	1
scaffold_2662	7762	397910	51.26	0	658
scaffold_2665	7753	9956	1.28	0	44
scaffold_2667	7748	395	0.05	0	2
scaffold_2669	7733	600	0.08	0	2
scaffold_2671	7726	1264	0.16	0	6
scaffold_2672	7720	504647	65.37	0	323
scaffold_2673	7719	600	0.08	0	4
scaffold_2674	7716	498	0.06	0	4
scaffold_2677	7682	1784	0.23	0	8
scaffold_2678	7677	386655	50.37	0	602
scaffold_2680	7631	3186	0.42	0	6
scaffold_2681	7626	418	0.05	0	22
scaffold_2682	7619	566	0.07	0	3
scaffold_2684	7614	15786	2.07	0	20
scaffold_2686	7599	2388	0.31	0	5
scaffold_2688	7591	10822	1.43	0	11
scaffold_2690	7563	491	0.06	0	2
scaffold_2691	7526	411	0.05	0	1
scaffold_2692	7526	228	0.03	0	4
scaffold_2694	7495	3102	0.41	0	106
scaffold_2696	7486	152	0.02	0	8
scaffold_2699	7463	605173	81.09	0	382
scaffold_2700	7444	259	0.03	0	2
scaffold_2701	7443	680	0.09	0	20
scaffold_2704	7433	13521	1.82	0	12
scaffold_2706	7432	2100	0.28	0	50
scaffold_2707	7426	546	0.07	0	4
scaffold_2711	7393	1022	0.14	0	2
scaffold_2712	7382	300	0.04	0	2
scaffold_2713	7376	4377	0.59	0	6
scaffold_2714	7374	540	0.07	0	8
scaffold_2715	7368	300	0.04	0	2
scaffold_2717	7354	300	0.04	0	2
scaffold_2721	7315	493131	67.41	0	697
scaffold_2723	7300	2012	0.28	0	4
scaffold_2724	7298	1953	0.27	0	5
scaffold_2726	7290	600	0.08	0	2
scaffold_2729	7255	13788	1.90	0	12
scaffold_2730	7251	49	0.01	0	1
scaffold_2732	7239	150	0.02	0	1
scaffold_2733	7234	9086	1.26	0	13
scaffold_2735	7217	815234	112.96	0	25448
scaffold_2737	7202	4966	0.69	0	14
scaffold_2739	7194	14072	1.96	0	14
scaffold_2741	7153	2885	0.40	0	7
scaffold_2744	7123	548	0.08	0	3
scaffold_2745	7104	300	0.04	0	2
scaffold_2746	7103	38	0.01	0	2
scaffold_2749	7086	3259	0.46	0	13
scaffold_2750	7085	230004	32.46	0	182
scaffold_2751	7078	762521	107.73	0	1053
scaffold_2752	7078	482	0.07	0	2
scaffold_2753	7077	4605	0.65	0	5
scaffold_2754	7076	150	0.02	0	1
scaffold_2755	7064	11767	1.67	0	13
scaffold_2757	7054	380	0.05	0	20
scaffold_2758	7041	449969	63.91	0	566
scaffold_2759	7038	2991	0.42	0	9
scaffold_2761	7016	569	0.08	0	10
scaffold_2763	6982	12154387	1740.82	0	8797
scaffold_2764	6957	13667	1.96	0	15
scaffold_2765	6957	144	0.02	0	1
scaffold_2767	6946	2686	0.39	0	6
scaffold_2768	6942	190	0.03	0	10
scaffold_2770	6929	2697210	389.26	0	5454
scaffold_2771	6929	353165	50.97	0	457
scaffold_2773	6928	152	0.02	0	8
scaffold_2774	6916	7920448	1145.24	0	19094
scaffold_2776	6912	564	0.08	0	3
scaffold_2777	6911	1093	0.16	0	2
scaffold_2779	6905	1646	0.24	0	10
scaffold_2781	6883	195	0.03	0	2
scaffold_2783	6859	5914	0.86	0	34
scaffold_2788	6812	169	0.02	0	2
scaffold_2790	6793	2180	0.32	0	4
scaffold_2791	6783	3301	0.49	0	21
scaffold_2792	6779	42	0.01	0	2
scaffold_2793	6774	17740	2.62	0	843
scaffold_2794	6772	192	0.03	0	1
scaffold_2800	6729	58482	8.69	0	84
scaffold_2802	6693	12364	1.85	0	23
scaffold_2803	6687	114	0.02	0	6
scaffold_2804	6682	961	0.14	0	13
scaffold_2807	6675	244	0.04	0	4
scaffold_2811	6637	300	0.05	0	2
scaffold_2814	6619	37913	5.73	0	45
scaffold_2816	6591	239	0.04	0	1
scaffold_2818	6561	1548	0.24	0	9
scaffold_2821	6536	443	0.07	0	2
scaffold_2823	6528	151	0.02	0	1
scaffold_2824	6526	164	0.03	0	1
scaffold_2830	6468	433	0.07	0	3
scaffold_2831	6451	10411	1.61	0	21
scaffold_2832	6410	1136667	177.33	0	758
scaffold_2834	6400	63363	9.90	0	103
scaffold_2835	6395	12550	1.96	0	13
scaffold_2836	6353	374	0.06	0	17
scaffold_2837	6332	76	0.01	0	1
scaffold_2839	6325	1291	0.20	0	64
scaffold_2842	6290	289	0.05	0	2
scaffold_2847	6262	497	0.08	0	4
scaffold_2848	6251	14760	2.36	0	16
scaffold_2849	6249	568	0.09	0	2
scaffold_2852	6229	839	0.13	0	7
scaffold_2856	6221	19801	3.18	0	60
scaffold_2858	6207	4252	0.69	0	54
scaffold_2863	6152	1800	0.29	0	5
scaffold_2866	6145	343084	55.83	0	390
scaffold_2868	6137	2501	0.41	0	17
scaffold_2869	6137	150	0.02	0	1
scaffold_2870	6122	228	0.04	0	12
scaffold_2871	6120	151859	24.81	0	117
scaffold_2872	6109	103	0.02	0	1
scaffold_2873	6105	2845	0.47	0	7
scaffold_2875	6099	13416	2.20	0	36
scaffold_2878	6081	900	0.15	0	3
scaffold_2879	6057	450	0.07	0	3
scaffold_2880	6052	384	0.06	0	2
scaffold_2884	6022	300	0.05	0	2
scaffold_2886	5987	1744	0.29	0	76
scaffold_2888	5961	2037311	341.77	0	5203
scaffold_2889	5957	1052	0.18	0	52
scaffold_2890	5956	150	0.03	0	1
scaffold_2891	5953	1894	0.32	0	10
scaffold_2894	5935	900	0.15	0	6
scaffold_2897	5911	181547	30.71	0	298
scaffold_2898	5910	3481	0.59	0	13
scaffold_2899	5905	34189	5.79	0	140
scaffold_2902	5874	20578	3.50	0	33
scaffold_2903	5842	76	0.01	0	4
scaffold_2904	5830	5618	0.96	0	43
scaffold_2906	5821	600	0.10	0	2
scaffold_2909	5776	726	0.13	0	4
scaffold_2910	5736	1030	0.18	0	4
scaffold_2911	5730	600	0.10	0	3
scaffold_2912	5707	38	0.01	0	2
scaffold_2913	5704	13072	2.29	0	14
scaffold_2917	5640	423	0.07	0	3
scaffold_2918	5635	66	0.01	0	1
scaffold_2919	5633	752	0.13	0	4
scaffold_2921	5588	1193	0.21	0	7
scaffold_2922	5558	724	0.13	0	5
scaffold_2923	5546	450	0.08	0	3
scaffold_2931	5392	1216	0.23	0	52
scaffold_2934	5345	32	0.01	0	1
scaffold_2936	5318	81562	15.34	0	83
scaffold_2941	5178	76	0.01	0	4
scaffold_2945	5064	150	0.03	0	1
scaffold_2949	4966	1950	0.39	0	4
scaffold_2956	4777	38	0.01	0	2
scaffold_2959	4629	294	0.06	0	2
scaffold_2965	4379	228	0.05	0	12
scaffold_2966	4306	44967	10.44	0	159
scaffold_2970	4176	206883	49.54	0	160
scaffold_2971	4142	126847	30.62	0	92
scaffold_2975	3952	114	0.03	0	6
scaffold_2978	3644	150	0.04	0	1
scaffold_2980	3559	424	0.12	0	3
scaffold_2983	3366	95049	28.24	0	88
scaffold_2984	3339	239	0.07	0	1
scaffold_2985	3317	23310	7.03	0	45
scaffold_2993	2594	51007	19.66	0	84
scaffold_2994	2119	307	0.14	0	2
scaffold_2996	2114	11569	5.47	0	73
total	70591084	5688883919	80.59	0	167966
